0.22264677 0.03905529 0.31270558 0.0140518 0.0852015 0.31460553
0.01378155 0.0759595 0.17858499 0.24121302 0.16341406 0.04605746
0.32792431 0.18031126 0.23679119 0.33008152 0.02562493 0.15340936
0.1299395 0.39300799 0.640264 0.21177238 0.05531347 0.18988681
0.2473191 0.30530393 0.21974462 0.45638424 0.14806145 0.11083752
0.16251314 0.13649827 0.32638472 0.29914045 0.27547395 0.01136684
0.06603181 0.04713035 0.12105101 0.14737624 0.36845654 0.41568291
0.08922136 0.07240468 0.09424531 0.21444404 0.16288549 0.11450571
0.11425781 0.10100681 0.40991664 0.0722723 0.46466857 0.12745124
0.38502926 0.15232104 0.212107 0.34754205 0.18479919 0.03987622
0.23115462 0.08682585 0.44324136 0.32611442 0.4278757 0.2638405
0.25901437 0.06478506 0.22961587 0.42917681 0.03479224 0.04986805
0.34404421 0.11034626 0.37981474 0.30861044 0.09318542 0.19957882
0.46284646 0.00929999 0.00270873 0.45613843 0.16255331 0.14772338
0.21506137 0.24122852 0.15689689 0.08467072 0.11329985 0.27152705
0.2855323 0.16888499 0.47170162 0.24566823 0.18346792 0.11509269
0.14467108 0.28986925 0.19794726 0.20027626 1.27532661 1.41128337
1.51924786 1.24347264 1.56912258 1.80942906 1.46067661 1.3952781
1.29052985 1.38544834 1.56678262 1.84413433 1.32373959 1.14796829
1.48373574 1.39723361 1.41996038 1.17952061 1.13035941 1.46226883
1.48050803 1.60364509 1.55419257 1.40379041 1.38527441 1.46941417
1.10745907 1.49341971 1.19177443 1.33714372 1.64099714 1.24109524
1.3088156 1.43067688 1.18817317 1.39513952 1.15968555 1.66408968
1.27708274 1.63103458 1.31802136 1.37266511 1.59307405 1.39915037
1.45113182 1.26935148 1.24467748 1.41172534 1.40335572 1.27052557
1.35536987 1.21014357 1.31248367 1.21323955 1.46469319 1.38026017
1.29720074 1.39771128 1.39941239 1.77140391 1.40086043 1.45098406
1.26859283 1.46790457 1.36370993 1.3864336 1.3717891 1.45860541
1.61377248 1.57176739 1.58246559 1.21469659 1.37513477 1.9075462
1.36409533 1.28017932 1.48147815 1.50851566 1.49901378 1.38177067
1.41541362 1.47210652 1.1299004 1.5394249 1.50619555 1.58853912
1.31650597 1.18084437 1.37859559 1.38166738 1.28149736 1.5793879
1.44838631 1.31045842 1.44510078 1.4720937 1.32063681 1.28535211
1.31507051 1.44076264