
 -------------------------------------------- 
Averages for 2 is: 
 [0.23806596 0.22926101 0.33594778 0.35033992 0.28443074 0.29807049
 0.19978429 0.31669992 0.33066574 0.24172056 0.21976545 0.25292215
 0.32487524 0.27467343 0.23893979 0.14985257 0.34295303 0.25061166
 0.26781687 0.21035658 0.33473185 0.34608588 0.26897949 0.27272531
 0.3130728  0.22998378 0.1956227  0.3058455  0.32891512 0.30233455
 0.26646629 0.32333899 0.31877083 0.31862769 0.29032889 0.31199998
 0.30473617 0.317312   0.26253328 0.32299092 0.23247373 0.23496845
 0.30221596 0.2975347  0.22161351 0.16506298 0.26574761 0.2601735
 0.17432411 0.16506451 0.28577304 0.25500754 0.30595368 0.25283092
 0.30567747 0.27437359 0.24344382 0.13242541 0.24998447 0.27233222
 0.31467554 0.1426063  0.14791106 0.29851586 0.24137743 0.30070001
 0.16222683 0.21432373 0.29002866 0.2321132  0.27293092 0.15487091
 0.28796977 0.23468575 0.23018335 0.19415684 0.33289501 0.22546141
 0.24505335 0.33277285 0.29647365 0.21120262 0.2105145  0.25523353
 0.34869078 0.30864486 0.25433549 0.20307949 0.30161348 0.15919614
 0.2632089  0.30729786 0.30683762 0.311122   0.26058325 0.2459899
 0.20076682 0.28366035 0.27418342 0.34754384 0.23131886 0.21853758
 0.19888045 0.26520026 0.3236832  0.21716309 0.19930649 0.21990651
 0.29503191 0.19371581 0.28091836 0.27751952 0.20777625 0.17422077
 0.13817751 0.25301296 0.31933182 0.25859654 0.34674618 0.27908838
 0.27954856 0.32430929 0.31444594 0.29847667 0.29082885 0.18466486
 0.25047046 0.36311087 0.18954784 0.32983944 0.26317969 0.19348104
 0.27234611 0.15563641 0.26794744 0.35378397 0.36216408 0.27389255
 0.24469879 0.27760962 0.19485024 0.23636296 0.24578802 0.16619359
 0.18700954 0.15607211 0.2279309  0.1898286  0.32247344 0.32588011
 0.24808101 0.24130543 0.17981872 0.14547208 0.25096565 0.21715678
 0.33515945 0.26057601 0.19091512 0.27892494 0.31422803 0.29051203
 0.32956806 0.2762965  0.19311886 0.29723164 0.33852738 0.20517166
 0.35363644 0.30358449 0.2898275  0.30555955 0.2833609  0.24038993
 0.31148925 0.27515391 0.29154742 0.29883486 0.25407043 0.24763553
 0.09389093 0.25943255 0.30237618 0.22786406 0.19880109 0.18992449
 0.27969503 0.22716838 0.21787867 0.22261071 0.30762494 0.26588747
 0.29831839 0.27845255 0.30197605 0.24858946 0.12261823 0.15297271
 0.33920109 0.26491779 0.31231579 0.33525965 0.22009037 0.30885199
 0.30914041 0.35092369 0.33178964 0.20675123 0.26280743 0.3141084
 0.28624627 0.2499209  0.31589207 0.21556765 0.3273721  0.24545249
 0.32485884 0.24367017 0.27663606 0.267483   0.23914318 0.32278165
 0.28324804 0.29128245 0.30540735 0.30843598 0.30854234 0.22449532
 0.22967917 0.22067939 0.29230833 0.25087729 0.25476095 0.26826358
 0.35199919 0.24211062 0.31547135 0.35045558 0.19443519 0.30687487
 0.29135886 0.28810525 0.27526101 0.24661152 0.29224023 0.28731194
 0.27869031 0.30525267 0.26480588 0.26977834 0.23168296 0.22241873
 0.26437876 0.23266068 0.26189333 0.26719615 0.22890694 0.26293007
 0.26687762 0.31905073 0.27939826 0.28192914 0.28445902 0.30063194
 0.2453637  0.20534489 0.30485371 0.19845784 0.32282287 0.34082735
 0.31540892 0.31106016 0.29543936 0.23692979 0.29187858 0.17623283
 0.21245809 0.15784957 0.22868256 0.29639786 0.18646877 0.15559408
 0.27144125 0.27237481 0.27056754 0.30284923 0.31685612 0.33776444
 0.30895606 0.32573459 0.27513197 0.26750213 0.22574316 0.26131415
 0.24739483 0.28144798 0.26795548 0.2277945  0.26360792 0.29303861
 0.27758509 0.25136441 0.22850423 0.27149114 0.29955974 0.29127389
 0.24317746 0.19443485 0.23240615 0.22095999 0.29636145 0.19924012
 0.29382405 0.21447995 0.28144357 0.20383489 0.24444269 0.14616922
 0.342915   0.2509023  0.24551909 0.29972091 0.24171549 0.26862124
 0.24986234 0.29477459 0.24022783 0.26421908 0.24283199 0.28643405
 0.29408807 0.11203343 0.22379409 0.36306685 0.29756975 0.22577223
 0.30934516 0.29075533 0.2571778  0.31861377 0.17247395 0.30589616
 0.29463008 0.27528426 0.22713482 0.24489757 0.14956439 0.21085358
 0.23640829 0.26886991 0.24255437 0.30507755 0.23206928 0.2474183
 0.28717795 0.3503668  0.40218502 0.31649777 0.20512195 0.34943482
 0.35721231 0.3092272  0.29971331 0.20571291 0.31119758 0.32020652
 0.2804625  0.2264656  0.31835616 0.26299271 0.28629851 0.21799563
 0.23124574 0.34386888 0.32422841 0.28414655 0.27200654 0.29624063
 0.30518416 0.26015663 0.27730852 0.31691745 0.21385683 0.262656
 0.24297595 0.23197691 0.26766196 0.25704423 0.26641193 0.21619855
 0.23740935 0.19668162 0.27391014 0.24422626 0.33661121 0.23677452
 0.22854139 0.23027638 0.29359758 0.24510236 0.32865882 0.3284421
 0.32658833 0.29246205 0.23415968 0.28176785 0.17818731 0.23020177
 0.12885468 0.27715832 0.13693191 0.15729882 0.17706534 0.1231913
 0.26061639 0.24621481 0.27095872 0.21719331 0.24521485 0.22521082
 0.24904294 0.27136639 0.27654454 0.19037226 0.22287272 0.2623443
 0.27654663 0.29977965 0.29322186 0.27820548 0.25016758 0.23718384
 0.18292466 0.26871106 0.26045343 0.27797517 0.23487465 0.24051575
 0.24673095 0.25347814 0.1574239  0.27352893 0.27030382 0.19094472
 0.20131437 0.21745051 0.28706241 0.24898474 0.29571989 0.27037764
 0.29710782 0.30845359 0.31588554 0.27751565 0.27364993 0.18035857
 0.26208419 0.22297369 0.3125951  0.31825879 0.2424136  0.16604358
 0.35024947 0.24338882 0.26058653 0.20720921 0.16305231 0.31265414
 0.24609476 0.31448531 0.26052257 0.3107698  0.29175988 0.31834039
 0.33451802 0.2907882  0.21755573 0.22375467 0.24392264 0.21723135
 0.2383222  0.22302902 0.24072602 0.32236001 0.27430415 0.19675609
 0.25508037 0.22513242 0.32104468 0.27314258 0.19996849 0.3285833
 0.24830331 0.23357135 0.26239571 0.2112077  0.17533341 0.2591112
 0.38682494 0.326143   0.34383416 0.30482098 0.27733892 0.23955941
 0.24262701 0.32950482 0.21312134 0.32993796 0.18175343 0.40407157
 0.29714996 0.28522411 0.33776295 0.24950746 0.3158932  0.27325583
 0.26416695 0.23659742 0.11768645 0.21874955 0.3141357  0.30677372
 0.34691033 0.34968668 0.32904893 0.32453895 0.26051    0.25240642
 0.25339937 0.27016613 0.33595738 0.30166024 0.31602514 0.24493833
 0.28308526 0.2519708  0.29100999 0.30009997 0.26899755 0.22285806
 0.14186178 0.23249945 0.11041486 0.27440724 0.2191505  0.22889555
 0.2549693  0.28889629 0.18258487 0.13061096 0.24281538 0.3215453
 0.20707735 0.25958854 0.3010563  0.32666132 0.29635364 0.23928717
 0.24311554 0.2362753  0.27604881 0.22881241 0.29351079 0.27373564
 0.27596003 0.29982966 0.26284075 0.2849384  0.25828156 0.29952782
 0.3202408  0.27682149 0.24978939 0.2331014  0.32096121 0.30297378
 0.24483895 0.33046365 0.29945084 0.30427009 0.31661424 0.29475623
 0.32429099 0.28438628 0.31852376 0.16825473 0.34939727 0.29843742
 0.21203713 0.35531175 0.34093568 0.14844407 0.30834603 0.28482294
 0.33699325 0.19075984 0.31510228 0.27982455 0.29015878 0.31450704
 0.25448966 0.3496086  0.26994842 0.16830254 0.3849524  0.31371647
 0.27606413 0.2792863  0.21301314 0.32734469 0.3041243  0.24902934
 0.24960357 0.26669171 0.28334466 0.32613295 0.28240225 0.20706582
 0.20407856 0.2701706  0.19325331 0.29039907 0.26226628 0.31204686
 0.21798907 0.32303628 0.28657177 0.28061792 0.30052099 0.28267437
 0.30485106 0.20779201 0.21577854 0.15645188 0.34036154 0.34257028
 0.187217   0.30501956 0.28129306 0.32914084 0.24989855 0.28170666
 0.30681306 0.26370087 0.15356423 0.28807351 0.34165296 0.18756655
 0.19148019 0.17364253 0.29698515 0.148848   0.29760489 0.32013431
 0.14147973 0.18556157 0.22692846 0.1598303  0.14086808 0.22110724
 0.15822642 0.16255651 0.32144773 0.36650312 0.20458756 0.25578585
 0.20851161 0.28298509 0.24517658 0.18556002 0.289251   0.27794105
 0.26564327 0.18089244 0.23521747 0.29973441 0.27595878 0.22372304
 0.25822324 0.26981926 0.24411748 0.21168441 0.30344748 0.23962186
 0.24965745 0.19585364 0.2379586  0.19163969 0.22764777 0.20399578
 0.2494498  0.29873744 0.2315858  0.21042551 0.3128199  0.25019303
 0.28066587 0.23875114 0.31632948 0.30323464 0.2712552  0.19430153
 0.24745406 0.126912   0.25951451 0.21090119 0.15336008 0.1405904
 0.23069572 0.21433227 0.19066328 0.1779951  0.22120927 0.33185115
 0.22334485 0.24391645 0.32688534 0.23916613 0.1396815  0.17086788
 0.24125405 0.20865916 0.30971462 0.26699659 0.15685122 0.28578427
 0.32397926 0.25496784 0.24761701 0.30325484 0.28909522 0.20583807
 0.26905745 0.21977112 0.23083438 0.23471145 0.29641771 0.30514771
 0.2614103  0.28456885 0.25326121 0.30840632 0.2028667  0.29578319
 0.24040514 0.19583844 0.28912634 0.23143671 0.22319303 0.3105225
 0.24942386 0.28567812 0.24214752 0.33465737 0.21849677 0.16176967
 0.2608175  0.2361258  0.1645757  0.15767486 0.23111641 0.21673591
 0.21223252 0.30132958 0.26901475 0.2730836  0.30770883 0.31300744
 0.20185266 0.22085825 0.27674901 0.2319666  0.24232554 0.37048045
 0.1925783  0.14550141 0.29480848 0.34051079 0.30186644 0.28471777
 0.26618195 0.20068507 0.3448579  0.25937855 0.35782966 0.31157184
 0.26004419 0.24113636 0.24655871 0.36900365 0.28533399 0.18171202
 0.28638417 0.30999261 0.25560889 0.30630931 0.26955086 0.28729293
 0.28811485 0.26272559 0.1678327  0.23339875 0.15670227 0.20512219
 0.27284572 0.26056057 0.21291459 0.27881694 0.2511344  0.33749264
 0.26727349 0.30045715 0.24170393 0.16620362 0.281196   0.19892904
 0.23900355 0.31375334 0.27463812 0.30269969 0.29539692 0.14448571
 0.25739604 0.27537236 0.21459027 0.36780494 0.26964611 0.15701149
 0.34206775 0.22793329 0.16652885 0.19252244 0.37654784 0.24150544
 0.32566392 0.34723687 0.35941058 0.28030562 0.29718021 0.33236897
 0.29013324 0.32647362 0.2896288  0.32747978 0.32821938 0.24018519
 0.38808692 0.26344767 0.33496118 0.1901606  0.24578795 0.2492457
 0.33586612 0.28671986 0.19311729 0.21074671 0.2613661  0.24208923
 0.27700758 0.285016   0.22505513 0.18731639 0.32586008 0.23002191
 0.17636256 0.26916444 0.25515813 0.17044932 0.22628239 0.18981846
 0.23667702 0.22748135 0.21955629 0.20912279 0.28129938 0.26254854
 0.30012438 0.20108037 0.1905054  0.29767039 0.33703414 0.2178503
 0.17023304 0.30483955 0.28092545 0.30597544 0.24268124 0.27792284
 0.31841701 0.24877962 0.20636648 0.22868781 0.27149835 0.22151394
 0.20926094 0.26451972 0.13740341 0.2425096  0.23759219 0.24342294
 0.25842151 0.22058623 0.19711463 0.26763165 0.13300656 0.2231423
 0.3142426  0.29204628 0.22014295 0.24897271 0.30545145 0.25283828
 0.3369095  0.18863046 0.2137024  0.31318843 0.27340594 0.35137379
 0.36726549 0.29282781 0.35453519 0.26505589 0.36840451 0.25007313
 0.31638607 0.27006811 0.30253801 0.31218681 0.15491258 0.26108736
 0.15531413 0.30815989 0.31486952 0.24755572 0.24761274 0.33108568
 0.32755432 0.31442919 0.26373345 0.27966547 0.24806464 0.20665169
 0.28619352 0.21299565 0.22421561 0.2384795  0.30127326 0.20204385
 0.25821373 0.25451544 0.25518101 0.24125224 0.29238895 0.33923697
 0.30036977 0.18460009 0.25706813 0.27568746 0.23013242 0.36668244
 0.30773184 0.32093769 0.26358899 0.15609474 0.27520826 0.30097875
 0.23201503 0.29841536 0.29827598 0.25515324 0.30696821 0.32192725
 0.27706349 0.21401259 0.27116141 0.29667744 0.3157886  0.28070909
 0.26911363 0.27814257 0.28910431 0.20968239 0.22694331 0.27332899
 0.35124394 0.30271819 0.20774218 0.24473712 0.15918851 0.16042246
 0.2570211  0.30452558 0.21127257 0.23386987 0.26153052 0.29496387
 0.22740535 0.29186505 0.25331602 0.27355838 0.30450946 0.36830136
 0.24356647 0.24981113 0.16403645 0.23617825 0.26356751 0.24546534
 0.26276997 0.22082742 0.2534906  0.26911873 0.26746365 0.21839929
 0.2508471  0.37407878 0.21106575 0.20401154 0.25325039 0.33056095
 0.27921164 0.24828446 0.34499145 0.35751674 0.32107019 0.27948469
 0.33458638 0.31545889 0.3377043  0.34433395 0.28462839 0.30325529
 0.30316684 0.3396759  0.34435397 0.30734941 0.21138918 0.32690686
 0.30815029 0.24044685 0.24674055 0.35872579 0.23429903 0.19468899
 0.2753503  0.2839514  0.26619682 0.38001886 0.29152429 0.2227972
 0.31854251 0.21867235 0.20732397 0.25232917 0.21028709 0.32462162
 0.24652235 0.27188125 0.26274213 0.30411899 0.21756227 0.22280473
 0.21585307 0.13538684 0.28846312 0.28570977 0.23320152 0.19651036
 0.24315076 0.40489671 0.26380691 0.29851121 0.15925804 0.34089059
 0.23997712 0.26109171 0.15399724 0.29694864 0.33637324 0.34443516
 0.31936839 0.35168153 0.32781768 0.2509948  0.31134123 0.29465583
 0.14711826 0.31264964 0.23327675 0.33795691 0.33568946 0.13821031
 0.31334126 0.19432583 0.36262551 0.28077129 0.21548901 0.27155334
 0.31279203 0.29493597 0.27835906 0.34262821 0.3300755  0.27066317
 0.27166438 0.26386082 0.36793736 0.34531468 0.19337213 0.34910053
 0.23332892 0.29476863 0.314762   0.28276753 0.30717552 0.33211389
 0.23956297 0.34842712 0.29311341 0.16555645 0.21927966 0.31753644
 0.2508668  0.32941779 0.27272421 0.23203632 0.2762143  0.21919335
 0.2163047  0.32569462 0.28036866 0.34282926 0.24237615 0.27337253
 0.28350216 0.25215882 0.34894449 0.28678834 0.30671024 0.29992229
 0.3202371  0.1934911  0.28228    0.19358361 0.30749321 0.23274255
 0.25988716 0.21553823 0.10672439 0.26930711 0.27136981 0.25892159
 0.18664628 0.16771162 0.34282333 0.27302319 0.28397584 0.23663007
 0.30539048 0.17887712 0.15230668 0.29568797 0.23821002 0.23511364
 0.25919262 0.29624307 0.27404583 0.23611374 0.31797385 0.2815088
 0.2420752  0.27013522 0.29666466 0.27321598 0.33768961 0.37308019
 0.33514622 0.30274627 0.32497448 0.36353606 0.31005454 0.31762177
 0.30335277 0.30345061 0.33327353 0.1786485  0.20330784 0.32904494
 0.3521426  0.27144113 0.20089917 0.30824682 0.24859288 0.35638818
 0.28186131 0.30349186 0.31374058 0.15967648 0.32753605 0.2474062
 0.33185682 0.2356488  0.34522161 0.25126103 0.32943988 0.26513827
 0.33107492 0.24569778 0.22736262 0.19837502 0.35602218 0.26223984
 0.31889495 0.33035988 0.19155344 0.29913783 0.27585331 0.31259498
 0.24622731 0.33633071 0.32568836 0.23124735 0.16180767 0.29824245
 0.3329221  0.31066409 0.23949049 0.28870159 0.21013898 0.24465978
 0.31795996 0.2822575  0.29995394 0.29773042 0.32828155 0.2485248
 0.21497439 0.23962864 0.28883275 0.22711672 0.20519753 0.31990594
 0.24728195 0.27497849 0.25757366 0.19178364 0.32514098 0.27969936
 0.28961256 0.22670034 0.19450428 0.21817383 0.25609314 0.2032288
 0.2700125  0.24732344 0.23284745 0.27146953 0.32362315 0.32777897
 0.3184579  0.30400798 0.30246761 0.19158559 0.31951308 0.18733633
 0.24309033 0.3069075  0.24901168 0.19831619 0.25059074 0.20452367
 0.25085351 0.33698562 0.30654439 0.33997977 0.3069284  0.28908521
 0.32645899 0.13647361 0.21939632 0.16935092 0.26401275 0.32936364
 0.21208186 0.25124031 0.32800293 0.2401053  0.21662316 0.26246479
 0.29872683 0.31009543 0.33664322 0.24926797 0.31496882 0.27294901
 0.25906643 0.2452849  0.22840311 0.20060575 0.23003694 0.31446418
 0.25370365 0.37243605 0.3224735  0.30378056 0.27814883 0.26550719
 0.22611104 0.30871639 0.262225   0.28280744 0.2851499  0.24711728
 0.34244889 0.33140159 0.25844318 0.26394847 0.26884615 0.33797154
 0.34730506 0.34115586 0.3188999  0.29786944 0.23546316 0.26801032
 0.30039707 0.19833393 0.2960709  0.26616767 0.29939589 0.24326192
 0.28378916 0.25327191 0.27636555 0.27482519 0.18408348 0.19912821
 0.20807293 0.25403354 0.21461743 0.31174266 0.3290332  0.27045369
 0.24438001 0.3392705  0.22307818 0.23260549 0.19905661 0.27947721
 0.25126278 0.2406376  0.27308401 0.32257935 0.30492887 0.30435672
 0.23458664 0.21006604 0.27677315 0.18354364 0.21864453 0.27891734
 0.29192862 0.32250756 0.23623377 0.25418681 0.28270036 0.28822446
 0.22776872 0.32143202 0.23091096 0.23093028 0.20026253 0.29101729
 0.22021893 0.30210593 0.25278252 0.29549018 0.25173655 0.27647454
 0.24030101 0.28867972 0.26189852 0.17948613 0.21525745 0.22017874
 0.23548067 0.21001203 0.28303027 0.22984092 0.31841657 0.21286041
 0.29778484 0.32563651 0.26683113 0.1686473  0.17314313 0.25209546
 0.25292268 0.23196653 0.29007176 0.26231357 0.32516661 0.25933197
 0.22554052 0.3024886  0.2327497  0.20103765 0.33355272 0.22481811
 0.28760552 0.20156233 0.32053563 0.2061765  0.18858141 0.24925296
 0.37340078 0.16133678 0.25645679 0.32475492 0.3094672  0.24807136
 0.18860167 0.20951442 0.23356576 0.16607118 0.31001011 0.2516509
 0.26152462 0.2285639  0.2867268  0.27835208 0.2373022  0.27239159
 0.31011429 0.25630087 0.23961402 0.23241998 0.11845084 0.221386
 0.30705413 0.25504583 0.31716648 0.32918277 0.31936118 0.32740691
 0.32902256 0.31544277 0.29492056 0.24821979 0.19505146 0.20655219
 0.14323598 0.28915688 0.1797938  0.25725526 0.30708742 0.18883903
 0.28989524 0.23893501 0.2996026  0.24440002 0.24319999 0.27580118
 0.24615604 0.23731308 0.28031415 0.32367787 0.24624729 0.31352726
 0.19123553 0.31977275 0.28808382 0.28191769 0.29948714 0.35210466
 0.27645627 0.2823925  0.24570832 0.22579576 0.30879363 0.25295612
 0.32153931 0.30666584 0.25351194 0.35689694 0.26645499 0.28762209
 0.2676982  0.22288327 0.22495873 0.25019509 0.23056315 0.31693467
 0.26990077 0.22958125 0.30316249 0.23758131 0.29375279 0.25637743
 0.08976074 0.32406548 0.25504172 0.24229898 0.26030317 0.30365145
 0.25853834 0.29269075 0.21681696 0.30543342 0.30860189 0.25383088
 0.28043795 0.30253145 0.20455042 0.28443831 0.20885269 0.27728036
 0.27876419 0.25759274 0.3073262  0.19140905 0.23808172 0.17538896
 0.27663329 0.32018709 0.23756142 0.20277591 0.2685343  0.23393621
 0.20502904 0.304178   0.28281927 0.17815349 0.25298586 0.24711698
 0.27102953 0.30907047 0.25278828 0.20403987 0.16108596 0.24816906
 0.28711072 0.21774627 0.26058602 0.22937308 0.26676571 0.28731135
 0.27687243 0.25907177 0.1613124  0.16996804 0.17344557 0.34964332
 0.28788644 0.3080222  0.31222829 0.29883423 0.28786176 0.24923819
 0.21131687 0.31279942 0.2628938  0.20541787 0.22778766 0.33618134
 0.30361086 0.27519619 0.25587574 0.22022033 0.28430727 0.1812496
 0.20678614 0.21274552 0.21414539 0.19879413 0.21214281 0.27242601
 0.31200328 0.20100418 0.30339321 0.18412742 0.23709328 0.155403
 0.31723076 0.27210894 0.29677925 0.30561247 0.29422912 0.25883201
 0.26855779 0.28544235 0.3072964  0.29685694 0.23299642 0.24970514
 0.23438345 0.23289634 0.35136467 0.25069982 0.21043117 0.23377667
 0.25519893 0.24098478 0.26778716 0.22478995 0.29302263 0.24521028
 0.21307552 0.27918446 0.20800093 0.30354324 0.20966484 0.26087204
 0.30294573 0.29736498 0.24285896 0.26255354 0.28497127 0.23409085
 0.25002736 0.25752729 0.24857704 0.21350035 0.24247661 0.16790235
 0.25429606 0.21879601 0.29414365 0.26157343 0.25227329 0.30155364
 0.32224086 0.23396668 0.3134453  0.31727311 0.2586692  0.20280717
 0.31679553 0.17138194 0.31540111 0.20092899 0.17338453 0.26490092
 0.25085708 0.17516963 0.22889328 0.3216812  0.3100737  0.34060997
 0.28293866 0.31416026 0.24467309 0.30236253 0.1387694  0.27688867
 0.25602773 0.26836264 0.28236678 0.24887688 0.24662846 0.22869773
 0.30816558 0.27616492 0.2950176  0.27219871 0.31648666 0.34948817
 0.19043435 0.28758696 0.14308269 0.23945212 0.2561909  0.2000962
 0.19482897 0.1869038  0.21747608 0.20645906 0.21965085 0.13852516
 0.2969752  0.32513133 0.29327795 0.30336338 0.28989816 0.24843113
 0.24952772 0.29698512 0.15965207 0.23850778 0.31447491 0.25847507
 0.23210104 0.30296677 0.28246564 0.3010152  0.28170291 0.3457129
 0.21891434 0.27392498 0.19737855 0.21615055 0.24099559 0.24957523
 0.23862036 0.21791361 0.20281234 0.31705144 0.31113306 0.22984551
 0.25860193 0.2722542  0.16284285 0.22557212 0.2253242  0.20199049
 0.22825018 0.254987   0.27542481 0.27989146 0.15763409 0.3028917
 0.28304642 0.28333464 0.28445813 0.31543139 0.18730545 0.23240326
 0.17359507 0.23846537 0.23395869 0.17256838 0.19548497 0.2932955
 0.26430699 0.2583243  0.2708309  0.35775596 0.33985496 0.29929599
 0.22000247 0.17609391 0.29972348 0.28994375 0.28330541 0.32772997
 0.26941186 0.32924241 0.24568678 0.32437563 0.1674816  0.31766
 0.29482347 0.34966138 0.32430971 0.18098061 0.31891286 0.24232522
 0.28385514 0.34642464 0.36572111 0.16373108 0.27916503 0.32994133
 0.26907393 0.2184988  0.22432511 0.34395957 0.31148836 0.25191045
 0.20688026 0.25638682 0.25347546 0.24851604 0.21686269 0.23054053
 0.26178154 0.22533639 0.20968083 0.30876222 0.20944053 0.29395485
 0.25766453 0.19632618 0.25403103 0.23515856 0.31411448 0.2455761
 0.17756848 0.24022445 0.30212787 0.11172488 0.21625157 0.26746145
 0.28801882 0.3053382  0.23584428 0.3177402  0.30833116 0.27298978
 0.28711429 0.22814663 0.31615281 0.27711681 0.30819741 0.2331847
 0.33345053 0.26804021 0.29520783 0.17264868 0.18929279 0.3028138
 0.30853719 0.26216778 0.33832446 0.17964394 0.23456083 0.33028904
 0.27081579 0.31594712 0.35814199 0.26469445 0.2625373  0.24218197
 0.10921587 0.24246377 0.25926036 0.29148722 0.26296896 0.30274591
 0.21156579 0.26656714 0.28515273 0.19725534 0.31330431 0.25037369
 0.23060036 0.23648567 0.22874264 0.20337665 0.26777309 0.22053504
 0.25891981 0.27603641 0.2646451  0.26705554 0.26994747 0.25013351
 0.19015217 0.25754181 0.32471865 0.30962294 0.27772233 0.2978707
 0.21472111 0.20059675 0.25528607 0.28703877 0.28745499 0.24010192
 0.31983274 0.22367011 0.31273854 0.23449536 0.22886404 0.34384334
 0.19149964 0.34538871 0.31633827 0.25595635 0.32517263 0.27818403
 0.31389928 0.29510102 0.30153072 0.25580415 0.27397135 0.23979029
 0.26827464 0.23317049 0.28261843 0.14290255 0.1548547  0.23184508
 0.25796598 0.29194245 0.30849746 0.18338025 0.29171616 0.17013913
 0.22219551 0.22186323 0.31163874 0.26140073 0.16759849 0.26299006
 0.40193427 0.30996758 0.29916441 0.21258737 0.17962036 0.3363519
 0.23898813 0.3171196  0.31198093 0.24853663 0.31320372 0.37027943
 0.34484264 0.35242349 0.26567265 0.23604639 0.12662753 0.31439894
 0.25644183 0.21673238 0.20349488 0.25178054 0.23630539 0.20165499
 0.2220244  0.30354601 0.25601447 0.23002067 0.30325028 0.30335891
 0.34328577 0.37131196 0.3315281  0.31493127 0.26503867 0.33108681
 0.18844523 0.15918809 0.31884041 0.28135163 0.25390786 0.33670658
 0.19361892 0.30510786 0.27073506 0.26219571 0.36794811 0.23101635
 0.25929239 0.24372502 0.20379186 0.35839942 0.32699227 0.29223394
 0.23120078 0.21840367 0.26849639 0.2408834  0.30468664 0.25048918
 0.25246328 0.27525735 0.20465076 0.29912505 0.25754857 0.31113392
 0.34129131 0.25631684 0.16643143 0.26056239 0.21238631 0.34165132
 0.32693702 0.30696613 0.23125832 0.24419664 0.27299833 0.29164037
 0.40226746 0.25159636 0.30457988 0.28524721 0.18685479 0.32659388
 0.33322999 0.36888534 0.23123282 0.26090416 0.29935989 0.30209649
 0.20859383 0.32952508 0.31599912 0.32533637 0.31987855 0.33720335
 0.25413752 0.25272605 0.3033109  0.28993097 0.31224781 0.33484346
 0.19237767 0.30845642 0.29034841 0.23681286 0.24917778 0.24851759
 0.31773341 0.26183221 0.30380604 0.36252952 0.25573701 0.27751517
 0.22675411 0.26513633 0.28062028 0.18212263 0.23711181 0.25924724
 0.16592383 0.26092505 0.23807418 0.18192226 0.2326961  0.27528512
 0.32312861 0.13930894 0.22579251 0.33219936 0.29331046 0.24593635
 0.23594747 0.31305578 0.25850439 0.2682488  0.29579568 0.29085848
 0.33374903 0.18755177 0.21625504 0.32682359 0.38061762 0.27628547
 0.30432364 0.22576134 0.34625572 0.3287999  0.28657225 0.29059246
 0.17230122 0.35331273 0.29191446 0.22047907 0.31944856 0.3448168
 0.33314949 0.326583   0.26751795 0.37185678 0.29025349 0.29886588
 0.20090765 0.27830717 0.32079017 0.22850442 0.1776052  0.27981836
 0.25267032 0.2199841  0.15979309 0.29178277 0.34206319 0.16822477
 0.24527434 0.34139368 0.31864321 0.20350707 0.33207944 0.20636496
 0.25881445 0.33245218 0.36477366 0.30683127 0.3220194  0.32300627
 0.2077471  0.23658729 0.30229282 0.24930273 0.28324467 0.23755202
 0.29282579 0.24419664 0.23899071 0.23693159 0.29587808 0.29876912
 0.28313965 0.22680046 0.2676242  0.29501367 0.31938753 0.16635057
 0.31217584 0.23829922 0.25798267 0.27611119 0.19813545 0.22685845
 0.29619354 0.22809145 0.26286212 0.31965625 0.26692978 0.33630905
 0.32344449 0.33481932 0.18984614 0.19957574 0.21738409 0.22317016
 0.29881582 0.30194813 0.26000127 0.347294   0.2673367  0.27582738
 0.29750478 0.29175806 0.26716688 0.26406786 0.25993344 0.18546027
 0.23297615 0.33291858 0.31065688 0.22006841 0.27976871 0.27614737
 0.247741   0.31053898 0.29678699 0.18176071 0.25898594 0.27554378
 0.24197221 0.21424338 0.2644982  0.19312774 0.33382145 0.28437677
 0.2858201  0.33189151 0.32763672 0.25969124 0.22776362 0.25407258
 0.31164783 0.26988745 0.23402742 0.23846124 0.36216277 0.23442267
 0.25680259 0.14598589 0.23898213 0.27241772 0.22738107 0.14214937
 0.22248797 0.28075495 0.23184682 0.25687239 0.26118132 0.18209341
 0.29754052 0.10817248 0.26570761 0.36197591 0.19491652 0.29133987
 0.28109679 0.25634524 0.18476646 0.33909354 0.20685717 0.26035255
 0.27141607 0.34610966 0.31014177 0.33610511 0.23554078 0.18362272
 0.18872014 0.26575637 0.31720084 0.25691915 0.27520016 0.21077526
 0.1396721  0.2725316  0.21765739 0.31577882 0.22515729 0.33543622
 0.2987178  0.23267466 0.32547885 0.29356229 0.20003393 0.28396761
 0.22734691 0.27664864 0.26314828 0.323919   0.26074296 0.32135552
 0.22298475 0.30268335 0.18333898 0.3525804  0.26004675 0.26376334
 0.25959557 0.32275736 0.2865018  0.32138649 0.21302068 0.32497466
 0.24070008 0.37822804 0.2768333  0.18348397 0.29898536 0.2952185
 0.2210613  0.27734822 0.32897201 0.20252424 0.33382264 0.30454913
 0.30912742 0.22623652 0.20626181 0.37223324 0.15008859 0.22997983
 0.28254625 0.33964568 0.18901066 0.20143987 0.35379839 0.34774244
 0.32390434 0.24687356 0.37727791 0.33475256 0.32440418 0.26003575
 0.25670725 0.31797007 0.34378546 0.30683497 0.31535268 0.29527065
 0.20298214 0.22144456 0.22106494 0.39096349 0.25131142 0.27876562
 0.2849443  0.14331047 0.29585701 0.19246799 0.31620944 0.19283047
 0.33997735 0.32452771 0.30045307 0.30518967 0.29779214 0.25779393
 0.33212003 0.21884377 0.20121166 0.31716561 0.29451168 0.23038615
 0.22256583 0.30882844 0.24364503 0.25398925 0.2216111  0.25066668
 0.27970695 0.24064153 0.26715344 0.20277856 0.3330982  0.260802
 0.23137513 0.26566774 0.29700199 0.26653659 0.32307085 0.294909
 0.38791314 0.19279708 0.27652749 0.29477158 0.28010258 0.25174809
 0.28474805 0.26426992 0.27918321 0.25571793 0.25020698 0.2620033
 0.24478658 0.18935892 0.27986032 0.26940387 0.27019754 0.35788444
 0.16839112 0.20236135 0.27193573 0.23881188 0.30673087 0.2364352
 0.25219697 0.19657929 0.24806771 0.31184298 0.26139808 0.26518896
 0.18999556 0.31792811 0.30246025 0.25759745 0.29371241 0.26067528
 0.18902595 0.25942823 0.28396413 0.34958929 0.29482016 0.19562586
 0.35302681 0.32549784 0.23040706 0.30509087 0.30043823 0.29068056
 0.25177863 0.29726148 0.24766408 0.32713342 0.24432462 0.2324663
 0.21192305 0.29106855 0.23232588 0.31833124 0.26269841 0.23256236
 0.31808069 0.30848619 0.27787176 0.13211223 0.23332413 0.30518708
 0.29881275 0.29887792 0.26417795 0.25849125 0.18921304 0.25028706
 0.20740135 0.24093343 0.31777096 0.26039675 0.30872959 0.20897929
 0.1183752  0.29023403 0.19519801 0.30230826 0.28756571 0.2409582
 0.29968619 0.31154764 0.29352987 0.28459063 0.23974808 0.15412994
 0.20024104 0.30570248 0.19382761 0.16930105 0.15307832 0.22950488
 0.32170764 0.30126774 0.20008515 0.24847922 0.13549434 0.2976509
 0.2354341  0.28438488 0.2857368  0.32810444 0.23532225 0.19205564
 0.23720174 0.27822384 0.31476262 0.26866972 0.27942768 0.28361264
 0.24525882 0.37907323 0.23330373 0.33234099 0.25392303 0.18534979
 0.25023511 0.23206317 0.26276016 0.19964872 0.24630602 0.22737803
 0.26622415 0.23322281 0.23808941 0.30100355 0.29193079 0.24971204
 0.24620974 0.23801357 0.25787222 0.20209025 0.3008531  0.30067965
 0.22170269 0.15385152 0.20906936 0.30693337 0.17887342 0.24710625
 0.29983753 0.29706627 0.33999166 0.25694188 0.24749522 0.30175918
 0.25234914 0.23626494 0.32328022 0.26040637 0.33935711 0.29274493
 0.29081771 0.24740255 0.2100891  0.32381925 0.31405991 0.16813532
 0.22808954 0.25450379 0.30991253 0.31563583 0.33561513 0.15158719
 0.32144046 0.25928417 0.20494473 0.2961328  0.25934368 0.26570755
 0.30160522 0.28263891 0.34178326 0.25442013 0.20780408 0.16266188
 0.34454626 0.23409143 0.28351325 0.33239952 0.36638245 0.31016722
 0.25055277 0.15171513 0.34951761 0.21794607 0.29746169 0.29996321
 0.36428475 0.23261064 0.28999671 0.35920769 0.23087211 0.35789761
 0.33099413 0.24041639 0.28805488 0.34208491 0.23533897 0.32430127
 0.28122383 0.30480134 0.30792043 0.23195788 0.23503973 0.34088874
 0.27335429 0.2305043  0.33649117 0.27302477 0.29139176 0.30991635
 0.20961425 0.32640746 0.27450803 0.2955898  0.33409297 0.32237571
 0.39811462 0.2301932  0.28736576 0.21764845 0.20387946 0.25295046
 0.30884323 0.29442409 0.27579972 0.23916805 0.18164529 0.27640194
 0.26304945 0.31108993 0.277244   0.31890154 0.19399713 0.22495106
 0.28608152 0.35253283 0.27303222 0.22509314 0.14914791 0.29083773
 0.23244616 0.27256456 0.24756725 0.26073784 0.36014062 0.2093101
 0.27320102 0.24752547 0.21958967 0.17497934 0.21764214 0.27870449
 0.17006189 0.3009086  0.21697469 0.26939732 0.20711066 0.24409944
 0.26164597 0.17718825 0.24356234 0.14913514 0.23565787 0.2395108
 0.2801165  0.24401958 0.32138765 0.30639282 0.21441884 0.27282354
 0.29692647 0.2806229  0.28894171 0.26410985 0.30524519 0.24270785
 0.29092181 0.29756603 0.27281877 0.20170511 0.28191629 0.22436008
 0.30650362 0.26602203 0.35054564 0.28242502 0.27889669 0.25581294
 0.24746299 0.23010693 0.2981213  0.16052645 0.27902257 0.26053745
 0.2640667  0.25776422 0.24764812 0.30774558 0.19891268 0.26779783
 0.23986647 0.2226813  0.20745647 0.17606467 0.31900969 0.20327699
 0.31576735 0.32505393 0.27676371 0.36524007 0.25668296 0.23784883
 0.25808269 0.29199311 0.29045445 0.30313626 0.25815135 0.30314085
 0.21604531 0.30842435 0.26774034 0.25473645 0.26948461 0.17110544
 0.31313258 0.14812772 0.2443451  0.30535272 0.27577522 0.11336276
 0.31259653 0.24681252 0.1360441  0.22172648 0.27266252 0.30004182
 0.32180578 0.34683102 0.34000662 0.2368786  0.36767608 0.21007444
 0.24441835 0.31997275 0.32500598 0.35515368 0.29126483 0.36241621
 0.25220037 0.25219753 0.18678094 0.26765913 0.30379608 0.32190049
 0.31675094 0.29362065 0.26900885 0.38566414 0.18293127 0.25384468
 0.19808337 0.23527846 0.26955524 0.25302568 0.28251809 0.29914877
 0.19912966 0.27942023 0.15782103 0.24593447 0.28450814 0.29448107
 0.20667064 0.24755909 0.33150402 0.26870245 0.27879941 0.26012692
 0.26088354 0.23540673 0.25993496 0.29246205 0.30489612 0.24783045
 0.31918618 0.31399629 0.2866388  0.2421075  0.33419937 0.25239828
 0.32272762 0.31277514 0.24331887 0.24278887 0.23980001 0.17885126
 0.30562341 0.26877356 0.30758893 0.33558199 0.31153247 0.3239677
 0.2487535  0.25933245 0.18096328 0.2233761  0.20265424 0.23357365
 0.23825155 0.29623559 0.26318705 0.31577596 0.25470871 0.26272774
 0.27464741 0.2527872  0.29805523 0.3128868  0.30217281 0.2706145
 0.12895201 0.23138912 0.25873512 0.34751597 0.25739133 0.2531715
 0.32408378 0.29669768 0.23829757 0.33986735 0.3116557  0.14614262
 0.24164282 0.32762602 0.32988203 0.34363952 0.20584062 0.20692818
 0.38082463 0.34733775 0.33335441 0.39643133 0.34479183 0.29742682
 0.18274948 0.29068998 0.32315803 0.25609177 0.32043332 0.25715756
 0.24254915 0.34716478 0.27922988 0.23344004 0.29456446 0.18771468
 0.27931467 0.19591549 0.37861782 0.18618055 0.33549732 0.28937611
 0.2687954  0.24256933 0.29174411 0.23651469 0.13482928 0.19539584
 0.27565902 0.21571606 0.26501283 0.36968049 0.3305504  0.38192967
 0.28054717 0.18090835 0.31074774 0.27276912 0.30218813 0.29327434
 0.24269989 0.3267405  0.31904119 0.29239601 0.33250582 0.35916114
 0.35945597 0.26545539 0.20892037 0.3640255  0.21210511 0.37681505
 0.28026354 0.28381148 0.14800522 0.32728818 0.26818928 0.19056061
 0.21351363 0.33773655 0.31006452 0.25709334 0.33768728 0.2969074
 0.29205307 0.32889584 0.32639614 0.22874573 0.29502615 0.32717493
 0.30022722 0.24876048 0.20294495 0.27911255 0.21475504 0.21492666
 0.25632071 0.19394991 0.24735595 0.26433846 0.20772234 0.30220121
 0.14093798 0.25113299 0.26813772 0.22976451 0.26316282 0.30098855
 0.27528644 0.28854698 0.22053437 0.30998155 0.25269237 0.22445524
 0.33193728 0.26414806 0.34728634 0.29280469 0.26938298 0.30350929
 0.23438598 0.24673906 0.19568309 0.24455959 0.33265537 0.28088456
 0.23339826 0.23041038 0.38841894 0.28834584 0.3605395  0.34071994
 0.30231977 0.2886458  0.3088409  0.30842549 0.30496559 0.29978061
 0.2144492  0.24521852 0.22027873 0.3122763  0.24368341 0.20482667
 0.33431321 0.20959589 0.2210252  0.24594159 0.24197933 0.26061797
 0.237353   0.20579579 0.24463736 0.27232191 0.26968327 0.25914705
 0.27644274 0.31611726 0.17955963 0.31397343 0.35651717 0.26911905
 0.36407882 0.2531122  0.33348745 0.28634077 0.29362154 0.26444501
 0.24542318 0.29910833 0.30682525 0.2475282  0.22932267 0.20707417
 0.30534753 0.22595385 0.25174353 0.14385375 0.26628789 0.29170918
 0.2378155  0.33960071 0.27927592 0.22806343 0.24145894 0.19096993
 0.25171548 0.28878349 0.26201424 0.25193879 0.33200291 0.28530428
 0.25064695 0.27490193 0.24114077 0.28651515 0.22148284 0.26796097
 0.18565446 0.22988363 0.32035124 0.24756774 0.28290477 0.25911957
 0.2146541  0.22197545 0.14045478 0.20161633 0.28957269 0.25714877
 0.25258118 0.32718915 0.13369197 0.18668525 0.21242091 0.29244176
 0.06689176 0.16690174 0.21825479 0.21963395 0.27818078 0.36272848
 0.27671281 0.27551025 0.29944149 0.21882513 0.16022716 0.3203713
 0.27128446 0.23758945 0.25570774 0.26741144 0.27906287 0.22962782
 0.34666994 0.30255458 0.33377847 0.27943519 0.16373278 0.25183168
 0.27874377 0.33188799 0.24265577 0.25640073 0.25396267 0.19648615
 0.2253031  0.28307277 0.26073477 0.27033079 0.22697124 0.30212161
 0.31220305 0.27621159 0.2365776  0.2628462  0.34741545 0.30982625
 0.28904605 0.25263092 0.25710148 0.24476965 0.14383051 0.20008706
 0.2655966  0.20290971 0.23901843 0.33537051 0.30072886 0.3168827
 0.26814857 0.2642411  0.27710429 0.12965998 0.16960202 0.16816163
 0.2522715  0.20497067 0.2277188  0.15936182 0.23190904 0.23257835
 0.23485684 0.22676626 0.17008688 0.30524981 0.30581033 0.20566086
 0.28123152 0.19970398 0.26531112 0.20080832 0.18141751 0.3013671
 0.2081724  0.32148784 0.22923349 0.31151089 0.28360024 0.30369544
 0.30567479 0.20719232 0.27842009 0.15984355 0.25506434 0.23203501
 0.29809865 0.26807785 0.3009457  0.30527797 0.25317749 0.22260062
 0.26307169 0.25511289 0.27749723 0.18048111 0.24354377 0.23891625
 0.21533981 0.23675434 0.28148058 0.28891209 0.29108891 0.2965818
 0.2786122  0.3624877  0.18719113 0.24121895 0.2756955  0.31934369
 0.28622225 0.28736582 0.21881668 0.30892083 0.28145596 0.10672744
 0.25977752 0.1217529  0.33341488 0.29039273 0.29393816 0.29982984
 0.27541915 0.31112823 0.21600991 0.29678243 0.35223123 0.26824835
 0.22577    0.27313107 0.25747392 0.28883234 0.24207175 0.21987619
 0.19980921 0.17052904 0.34794104 0.25031486 0.27640209 0.29917818
 0.238812   0.30889717 0.33896512 0.2421121  0.25577199 0.23732938
 0.25417247 0.19784324 0.16765279 0.25548396 0.24496238 0.29174975
 0.18719304 0.30359036 0.25043529 0.26240605 0.15954927 0.34539303
 0.24557935 0.29833543 0.2098556  0.19335739 0.17706479 0.19385286
 0.29757687 0.2168518  0.25322691 0.30650434 0.2272061  0.28544235
 0.25907841 0.26064298 0.24321255 0.24912819 0.26946604 0.21322118
 0.29143155 0.30811134 0.28131524 0.28966996 0.27491751 0.2446553
 0.3240934  0.23249476 0.18889923 0.19367479 0.25730875 0.2783747
 0.2388335  0.30402502 0.36464322 0.30669025 0.15774685 0.28326204
 0.2959711  0.20510541 0.22842263 0.28538594 0.31901199 0.23311464
 0.23319981 0.30309781 0.28215042 0.30442843 0.25409648 0.30394316
 0.26263088 0.29203227 0.25495017 0.2617346  0.21757843 0.22770992
 0.28239679 0.12459657 0.17059502 0.25870505 0.27674928 0.33791709
 0.27974322 0.25335574 0.22321421 0.13262652 0.29235724 0.35984087
 0.32717693 0.37054226 0.21810228 0.29952168 0.33458927 0.14872772
 0.33319423 0.26619405 0.32108039 0.29911983 0.25149727 0.32660705
 0.34499663 0.40475523 0.22376633 0.25206414 0.20779991 0.20202459
 0.24249975 0.12500481 0.25741997 0.30351421 0.37044135 0.30027843
 0.25741547 0.30265486 0.28270206 0.29036826 0.35764694 0.22223794
 0.1876884  0.29382569 0.27072498 0.24542877 0.32180953 0.25277981
 0.15905528 0.26260069 0.31646374 0.34774929 0.23216827 0.22167964
 0.35148087 0.29896864 0.32415807 0.2243917  0.28696695 0.30362341
 0.23132597 0.20745362 0.26561099 0.2504153  0.22822259 0.29608938
 0.29824451 0.35559401 0.22328186 0.29019836 0.27103689 0.16892393
 0.2553069  0.30414706 0.21642153 0.29561284 0.26275638 0.30911782
 0.28037715 0.28455821 0.28871384 0.28519133 0.34445021 0.26366377
 0.27806386 0.26527989 0.26098049 0.29062212 0.33071643 0.30841696
 0.33890238 0.32200637 0.22542965 0.260443   0.25195137 0.31181109
 0.26143163 0.25839126 0.30126169 0.24731369 0.23686604 0.28231764
 0.27298251 0.28177693 0.2284949  0.2187839  0.21914564 0.29567906
 0.3535417  0.23649049 0.29657367 0.26306903 0.3446182  0.1414091
 0.28329089 0.28359333 0.33177817 0.31289619 0.28723615 0.31945163
 0.21836065 0.29025421 0.26041657 0.3150616  0.30268908 0.17691521
 0.26634789 0.26844072 0.22339381 0.2440359  0.26912206 0.24164411
 0.28739601 0.26205674 0.21246403 0.26673296 0.26035854 0.32121918
 0.27189565 0.2555609  0.26862532 0.24858676 0.3250497  0.19081002
 0.28587773 0.22684187 0.20161112 0.2735067  0.24278621 0.22287831
 0.27632913 0.18179543 0.22835469 0.30688936 0.22579309 0.35864446
 0.32496557 0.25644764 0.35129613 0.30770367 0.29265279 0.35223207
 0.35532349 0.30975941 0.33152652 0.26430908 0.28608683 0.30470034
 0.10946941 0.22420286 0.25077486 0.32227468 0.27138752 0.26612499
 0.29804587 0.2273922  0.32693967 0.26062796 0.27801663 0.24425811
 0.24558413 0.28534207 0.33481777 0.26347694 0.28805438 0.3394959
 0.28283691 0.28609633 0.29808083 0.25943232 0.28322402 0.29194003
 0.27047586 0.37991184 0.30348769 0.29133475 0.19282378 0.3006767
 0.25837216 0.29829684 0.18064937 0.31859258 0.22403572 0.17539971
 0.26626724 0.25307107 0.23940702 0.26425737 0.28048679 0.35436186
 0.2970739  0.21130075 0.33972511 0.15356322 0.26347017 0.25461799
 0.25716886 0.28164947 0.21494834 0.23694541 0.24469391 0.30091715
 0.18524706 0.20996751 0.25925517 0.29251924 0.21567851 0.15855159
 0.30474967 0.29754922 0.29124555 0.21136901 0.25156507 0.25133562
 0.27918467 0.25366953 0.26915097 0.31179357 0.27172881 0.29393396
 0.21662526 0.18134511 0.19519109 0.33365506 0.27389875 0.13081597
 0.2806215  0.25118163 0.25913274 0.35198811 0.29829365 0.30862314
 0.16095579 0.29149717 0.28976056 0.32384947 0.34245792 0.32015738
 0.29954344 0.22829776 0.30591205 0.30816549 0.32699823 0.24365859
 0.26696125 0.26049486 0.31231329 0.31410527 0.29143623 0.30266738
 0.3212381  0.24155135 0.30405512 0.18847321 0.25470427 0.28096518
 0.31979558 0.23407102 0.32462668 0.28697866 0.19835824 0.22936952
 0.2701945  0.22897153 0.19453263 0.28540584 0.14729603 0.25201043
 0.26964918 0.22006904 0.30796367 0.27796423 0.29080394 0.23157665
 0.25892726 0.19622555 0.3323195  0.15416881 0.2610254  0.19607826
 0.31149423 0.29818588 0.30600476 0.25734982 0.21755479 0.30271086
 0.23980834 0.27923733 0.3443689  0.24958217 0.2272751  0.32996976
 0.31692165 0.27839077 0.28763062 0.30958161 0.26282808 0.3630414
 0.19201794 0.29205376 0.26205805 0.27024496 0.27560604 0.28598362
 0.24217975 0.24767405 0.29350007 0.23306064 0.18918493 0.31833452
 0.25856251 0.32734302 0.32156235 0.27034619 0.27633566 0.32116765
 0.33493292 0.29239243 0.27998868 0.27726793 0.28310513 0.30942208
 0.21924819 0.1740066  0.2400942  0.2291818  0.27360153 0.29405349
 0.25871629 0.24109644 0.26114479 0.29192317 0.28985199 0.22506586
 0.27101085 0.26100659 0.22733651 0.28565702 0.17170027 0.2245708
 0.23776962 0.22968541 0.26183295 0.39914626 0.3372753  0.28799117
 0.29060233 0.24494974 0.28362295 0.25827703 0.26032344 0.28106195
 0.20655599 0.27259123 0.22751166 0.33637005 0.21644308 0.30037671
 0.28272861 0.19670898 0.29744208 0.23993745 0.26671857 0.25259045
 0.24249634 0.28940955 0.34273353 0.26136428 0.35015917 0.22877234
 0.2152919  0.19458345 0.31092954 0.2089629  0.32408857 0.28321606
 0.22676399 0.31987834 0.37752077 0.22012347 0.25931361 0.23667632
 0.34005517 0.38024771 0.31483012 0.25973636 0.30046153 0.34712639
 0.28022853 0.31195462 0.27901968 0.31586963 0.21858951 0.26068497
 0.20851058 0.32593477 0.27812409 0.23479587 0.20731953 0.20477974
 0.27356952 0.29048669 0.36835912 0.32135913 0.30484909 0.20145449
 0.25604722 0.3288227  0.29359725 0.26246843 0.30341509 0.22495358
 0.21754093 0.30790451 0.27613822 0.34942648 0.21707498 0.29517993
 0.34862858 0.30429333 0.26409677 0.32489219 0.26884782 0.23442699
 0.27538666 0.23306082 0.28761828 0.24425074 0.28398854 0.28797933
 0.31610161 0.26726314 0.29277793 0.21924466 0.19500184 0.29093555
 0.36832264 0.20469685 0.26272202 0.31519103 0.32845959 0.26840195
 0.3375828  0.23944181 0.16364899 0.28403637 0.28886804 0.30775136
 0.26130915 0.25294217 0.26133928 0.32124329 0.29095331 0.21057086
 0.27296734 0.27851325 0.25674477 0.27920416 0.27935523 0.26760763
 0.25776282 0.29737139 0.3476041  0.33274221 0.26953426 0.29167789
 0.28179806 0.33534506 0.29337543 0.25718418 0.33003679 0.33491188
 0.27056846 0.23740992 0.27744612 0.28840643 0.25321347 0.28367841
 0.24608849 0.24627303 0.25997567 0.24781944 0.26462156 0.32990581
 0.25587073 0.25463304 0.21322204 0.32033539 0.26593456 0.29647672
 0.18981801 0.27232656 0.26490337 0.21317641 0.30270949 0.30925295
 0.29234236 0.2356291  0.24661554 0.18769778 0.22606775 0.26158634
 0.17155877 0.21351892 0.23251157 0.32313833 0.2579399  0.26956809
 0.3101429  0.29126355 0.29810587 0.26337889 0.25642154 0.21830423
 0.14349332 0.21709768 0.20459716 0.28719574 0.33339879 0.17650884
 0.34244579 0.274506   0.24912268 0.26083046 0.31690511 0.29471859
 0.26767942 0.21856183 0.20651065 0.17079163 0.294458   0.28872532
 0.25402206 0.30199742 0.18888734 0.1913624  0.33496895 0.22109929
 0.33283171 0.38576853 0.22056708 0.17251338 0.23716305 0.26556557
 0.31941012 0.27366853 0.20995292 0.3134506  0.26195598 0.25611496
 0.22238505 0.25376296 0.24070194 0.21735106 0.2867156  0.29749787
 0.18082187 0.22507472 0.2089615  0.22320561 0.22183636 0.29543373
 0.34063885 0.26168737 0.18750145 0.25272673 0.2449251  0.20068879
 0.1982854  0.19743443 0.33276913 0.18940882 0.25863212 0.21290511
 0.34449759 0.27245244 0.29489082 0.23969477 0.27009621 0.23062901
 0.23430462 0.26646876 0.15115064 0.29088581 0.24588063 0.28740746
 0.30798325 0.34088111 0.26264644 0.30462697 0.29975703 0.29867119
 0.28257906 0.35366735 0.2665956  0.25804961 0.26445651 0.16329537
 0.20942934 0.17406596 0.27005547 0.20115072 0.25422516 0.23685938
 0.30380964 0.27088028 0.25807172 0.22929139 0.23955263 0.22950087
 0.27616224 0.30659565 0.26007527 0.2399139  0.28308135 0.25507015
 0.32613674 0.1977372  0.31426227 0.23704374 0.19329667 0.29330727
 0.29166085 0.2569319  0.31064314 0.30700052 0.31768483 0.28019059
 0.3141571  0.28835306 0.30765355 0.2175345  0.26993281 0.29278752
 0.31728536 0.29959843 0.33650771 0.30619222 0.23522396 0.21327539
 0.30909503 0.2388363  0.20943566 0.19228034 0.30484647 0.3378216
 0.28303963 0.24389243 0.19105911 0.26637518 0.28513631 0.21996555
 0.27419496 0.33185133 0.23401183 0.33180252 0.27517915 0.15530375
 0.29779136 0.33670184 0.33058614 0.30862844 0.29244882 0.22146291
 0.2241638  0.20604704 0.26457098 0.27180001 0.29540789 0.18292923
 0.35861608 0.25066265 0.3001911  0.3134422  0.33451983 0.2857627
 0.30410641 0.34409729 0.33989206 0.26048499 0.28812093 0.3479141
 0.26778179 0.29500273 0.33452684 0.23414536 0.27594319 0.14380404
 0.30630258 0.26759645 0.29011044 0.26869711 0.24028303 0.37261209
 0.23387015 0.23710677 0.23848087 0.28703666 0.22782739 0.28185645
 0.2383869  0.1641887  0.23669541 0.17244777 0.15966232 0.19884025
 0.17899455 0.19020186 0.22558407 0.31908318 0.17791736 0.2869581
 0.19519801 0.22500229 0.29246637 0.355158   0.18047041 0.27648923
 0.23189475 0.24190043 0.23216774 0.35863751 0.29497716 0.29195592
 0.25211108 0.23121472 0.33619273 0.3137137  0.29676178 0.29772046
 0.30736959 0.11512221 0.30165309 0.22441046 0.17864944 0.2522544
 0.35358921 0.25249746 0.31193069 0.22220896 0.22833963 0.3043198
 0.26986283 0.2634902  0.31754422 0.12445929 0.30776522 0.27305001
 0.23959607 0.27104488 0.1219917  0.21804538 0.24321491 0.2371397
 0.12107168 0.17188671 0.27935988 0.31990761 0.2516551  0.26084957
 0.28908503 0.35188589 0.31472784 0.22931418 0.3313019  0.28845242
 0.25211871 0.15024358 0.25499949 0.33814317 0.35194215 0.28135717
 0.33900988 0.29204881 0.2606284  0.24484093 0.29598597 0.24334772
 0.31756583 0.26636076 0.31978828 0.31415167 0.3055076  0.25745985
 0.35309488 0.25005233 0.30677474 0.23927338 0.22622724 0.18698961
 0.26738882 0.27771863 0.24913338 0.29410818 0.26405665 0.28824574
 0.32249093 0.35505801 0.27800182 0.25684369 0.27796438 0.26589891
 0.29641986 0.2598573  0.31317776 0.31627062 0.30325562 0.2792196
 0.29599974 0.25216123 0.3035109  0.20811689 0.29610705 0.1970381
 0.29313102 0.30671024 0.25918379 0.36052525 0.14942247 0.235724
 0.27416787 0.28529131 0.31527027 0.24066548 0.27422231 0.25955009
 0.3053343  0.20791124 0.2308718  0.2366486  0.18732943 0.249787
 0.22936781 0.3027904  0.2161264  0.2970885  0.30952406 0.298989
 0.19109839 0.27657843 0.26992428 0.24178213 0.25776547 0.28411436
 0.30968383 0.3379654  0.28887829 0.31833041 0.31062517 0.29399961
 0.30376551 0.21436232 0.33195201 0.20815569 0.31588143 0.3001292
 0.22477186 0.31038612 0.3408471  0.29973537 0.28039268 0.17514907
 0.27181613 0.32213902 0.30352893 0.21133468 0.24574663 0.29516223
 0.23215702 0.26628855 0.19464087 0.31601992 0.24165429 0.2519128
 0.26816773 0.1887933  0.29214564 0.24123669 0.27515867 0.31040785
 0.30698138 0.3133038  0.18195406 0.27820477 0.24220401 0.27523431
 0.19373195 0.26191589 0.31352124 0.30335155 0.17469986 0.18045934
 0.19717638 0.35157865 0.28579557 0.26488638 0.2573567  0.27851874
 0.24036978 0.1986644  0.29101518 0.2916829  0.26352152 0.22815093
 0.28654599 0.1903743  0.26317382 0.17225799 0.29286596 0.32489637
 0.28897446 0.19569312 0.29415512 0.30404788 0.2025889  0.18778077
 0.25710762 0.2090686  0.32867366 0.1880572  0.16751246 0.29126817
 0.17385966 0.29152441 0.26154432 0.36010438 0.27028489 0.2817111
 0.1841626  0.28728858 0.17269765 0.2183667  0.29423869 0.21845113
 0.24068248 0.21579355 0.20102921 0.21483773 0.26189566 0.26901957
 0.17770779 0.21821837 0.28241783 0.20931067 0.24354821 0.29472587
 0.1604626  0.19457892 0.3158702  0.20362706 0.33182904 0.25444421
 0.34136954 0.22196002 0.30079788 0.20299974 0.25311396 0.32383177
 0.31264696 0.27966565 0.30516893 0.36162823 0.20505403 0.31948876
 0.34482068 0.31442747 0.30643919 0.31479344 0.26473978 0.3498103
 0.267362   0.30226058 0.31278038 0.31623355 0.31164786 0.24675268
 0.24988486 0.24915789 0.23234433 0.19125901 0.30070662 0.29012835
 0.28101048 0.23728795 0.26588741 0.29418021 0.2766999  0.22196369
 0.2771275  0.307686   0.22417016 0.2907443  0.29324058 0.31847093
 0.2340242  0.27991271 0.31911492 0.28198543 0.21722257 0.2092841
 0.24113096 0.29740807 0.21725056 0.26846781 0.30559632 0.31151441
 0.28596556 0.28785512 0.15467706 0.27178362 0.21618104 0.25273228
 0.20138304 0.11346906 0.243994   0.09997597 0.20162679 0.14799799
 0.19728325 0.33757791 0.12747906 0.24470232 0.25024772 0.32266474
 0.22524448 0.35582569 0.31724879 0.31307369 0.32063115 0.31393251
 0.30704916 0.24628405 0.33834767 0.35297155 0.28571799 0.21523833
 0.34551877 0.2562018  0.27203888 0.31225011 0.27100572 0.25631231
 0.32250652 0.1653558  0.33994964 0.32744551 0.27492929 0.18040551
 0.32319865 0.28172559 0.2461085  0.33214706 0.31546685 0.33347255
 0.28197548 0.29748663 0.20387469 0.311028   0.27759165 0.29777175
 0.31219897 0.29121608 0.353457   0.22748068 0.23877697 0.35586736
 0.19360878 0.23897471 0.26812556 0.23295605 0.22267032 0.16519675
 0.22589259 0.30858544 0.35233012 0.26080084 0.18399024 0.25374964
 0.22919221 0.24665973 0.29013038 0.19966225 0.21129169 0.22039123
 0.27131519 0.21168944 0.23405565 0.2793982  0.27333862 0.33857042
 0.26175642 0.2821328  0.3044076  0.24742012 0.26238132 0.2789565
 0.22368166 0.20344166 0.20718753 0.22451586 0.29805067 0.37293932
 0.3487682  0.25349593 0.18896781 0.24182573 0.34588531 0.23834801
 0.27009949 0.19490358 0.3000358  0.26519746 0.30966991 0.20619582
 0.2691282  0.2624622  0.18146721 0.24555258 0.22948873 0.29076871
 0.26560813 0.33146417 0.28402993 0.24642061 0.23007019 0.25310442
 0.31545031 0.231529   0.25493506 0.2657094  0.28778377 0.26121989
 0.27270868 0.27092576 0.26552689 0.31161919 0.29200006 0.35669723
 0.31943506 0.17703322 0.27226934 0.28459692 0.29493856 0.34109887
 0.28665391 0.26644707 0.25082457 0.22729026 0.30947646 0.24467398
 0.25713184 0.35608137 0.30234379 0.26550108 0.21169588 0.29965869
 0.24303253 0.13523361 0.30127886 0.17883703 0.28597185 0.30538607
 0.24427044 0.28275767 0.36830255 0.32909307 0.29067266 0.25002527
 0.29037994 0.26565605 0.27372676 0.27794048 0.16806896 0.27418929
 0.2274314  0.26462084 0.26335773 0.28398591 0.24326891 0.20927037
 0.24210225 0.2195514  0.19991086 0.18892242 0.23175611 0.19141318
 0.24568258 0.22031996 0.27842024 0.34474945 0.24967088 0.27439138
 0.28585216 0.32333836 0.28592271 0.24577381 0.24985929 0.31228611
 0.26550508 0.1499356  0.1775528  0.28728145 0.37058422 0.27550477
 0.2384541  0.27511346 0.23022075 0.24291396 0.23631644 0.31012419
 0.32977501 0.24723181 0.19976281 0.25612831 0.31839052 0.29052821
 0.23726012 0.11977851 0.26478297 0.39392611 0.30052468 0.24656522
 0.20492338 0.28368723 0.22711505 0.29845101 0.25862789 0.33924904
 0.30418316 0.21981531 0.27298456 0.27702308 0.26797706 0.22197999
 0.35311025 0.31201655 0.28920254 0.30269077 0.22496921 0.32328916
 0.18954699 0.23311271 0.34455746 0.30577329 0.18786488 0.16327991
 0.35060516 0.25813526 0.18152878 0.24978411 0.28204638 0.23269321
 0.25292853 0.25460076 0.16528447 0.2278233  0.29605412 0.35260543
 0.26729873 0.2436852  0.30696878 0.21390311 0.21582451 0.29962316
 0.19521619 0.28404588 0.1787153  0.24389185 0.21138778 0.33693025
 0.23512155 0.14545995 0.31071284 0.23078513 0.17089795 0.23651727
 0.28187895 0.30494002 0.29782793 0.32011017 0.27776146 0.2238453
 0.3431291  0.2864449  0.24145874 0.29174891 0.20946619 0.27657449
 0.31144622 0.24862374 0.30746451 0.26042628 0.21330146 0.21058097
 0.28601429 0.14801063 0.15581076 0.28487703 0.27005798 0.31576905
 0.29589719 0.25706688 0.22829303 0.24571119 0.26651073 0.22476687
 0.17430829 0.15695158 0.30311236 0.16004536 0.28620657 0.25308684
 0.27777275 0.28837383 0.24511345 0.16150671 0.27232391 0.19883917
 0.14593272 0.08802647 0.25643745 0.24333762 0.31223056 0.26883826
 0.28049463 0.20509441 0.23109786 0.26420772 0.24927178 0.30738056
 0.25228742 0.23342693 0.27392271 0.31307778 0.29784271 0.19083743
 0.31995749 0.38544884 0.29087079 0.33645055 0.20313232 0.25318047
 0.33250159 0.27992082 0.23631221 0.29766876 0.2101136  0.31777108
 0.28028849 0.27238387 0.25573277 0.27149525 0.30231982 0.36013359
 0.19192497 0.3273837  0.36417678 0.19474171 0.16615704 0.23770487
 0.21282971 0.2602959  0.16524303 0.23249319 0.1611266  0.20141347
 0.27280095 0.10723143 0.18324517 0.26892912 0.27256712 0.32777953
 0.19269454 0.25773582 0.29971632 0.26523539 0.2173375  0.25430077
 0.23132674 0.25018036 0.24554467 0.15281361 0.326538   0.2896505
 0.23682079 0.26847202 0.22787146 0.26816142 0.30085635 0.26484239
 0.17660095 0.25858644 0.2633498  0.29441208 0.25332007 0.27336821
 0.29519975 0.27730632 0.27915856 0.24931082 0.25895193 0.21875587
 0.21402161 0.26016909 0.1973149  0.35750744 0.24903448 0.25196522
 0.26255646 0.30745497 0.22078709 0.30819935 0.24531601 0.21357261
 0.20831096 0.24769209 0.22080415 0.37855297 0.19675477 0.1801035
 0.31842196 0.29853156 0.18114918 0.27818584 0.30849081 0.31657475
 0.21624286 0.21471702 0.30017897 0.240751   0.31474659 0.27262017
 0.18310523 0.3237702  0.20447886 0.29026332 0.26867807 0.30155376
 0.30416009 0.27418858 0.2576834  0.31458184 0.25428545 0.29955545
 0.30954573 0.23345731 0.1891889  0.18663819 0.35408542 0.28247097
 0.18136698 0.25405926 0.3021259  0.31413203 0.27669764 0.24748677
 0.21489841 0.28471717 0.36482248 0.32648388 0.31437495 0.15953997
 0.24784325 0.19736746 0.3481921  0.30771255 0.32347322 0.12686583
 0.28532338 0.21917008 0.24000745 0.33484474 0.35689673 0.33075652
 0.25443941 0.31665888 0.33491087 0.30588591 0.27206641 0.31220475
 0.32671398 0.21242769 0.3066856  0.3021414  0.28911763 0.3158423
 0.31816751 0.26001307 0.23528193 0.18745294 0.26874837 0.34290183
 0.25504431 0.19070472 0.2470143  0.23140055 0.21423556 0.31311902
 0.12713893 0.25031665 0.28101426 0.2706722  0.25091931 0.30867016
 0.26572847 0.18832023 0.27782491 0.15061963 0.27188241 0.31710958
 0.28507972 0.29438615 0.21244995 0.26974776 0.26210973 0.36017099
 0.27108499 0.28108194 0.30416781 0.22611248 0.23482113 0.20850703
 0.27115262 0.21601173 0.30115819 0.28316438 0.24546127 0.24834888
 0.29889959 0.23392552 0.2156021  0.31399983 0.22538732 0.34429902
 0.13877031 0.29226682 0.3761684  0.20141499 0.16770257 0.34118006
 0.41773143 0.32823041 0.33215266 0.31292543 0.28994578 0.31292215
 0.25629896 0.25598681 0.23485564 0.32835591 0.20668474 0.24359648
 0.27498209 0.35382167 0.30726212 0.30780542 0.24173872 0.26313931
 0.29723001 0.29105577 0.32094947 0.30443227 0.30302593 0.27398717
 0.30590832 0.1570112  0.2664654  0.28786168 0.29902521 0.20172563
 0.17936896 0.30739129 0.22497375 0.31961763 0.11274071 0.32219622
 0.33537534 0.15876924 0.2682873  0.28613394 0.23971197 0.24209377
 0.28431904 0.32519957 0.35388428 0.13557523 0.29048118 0.29665244
 0.15317439 0.30988505 0.31392333 0.24277738 0.29438192 0.28597108
 0.18371402 0.18971144 0.33045131 0.3425149  0.29499429 0.29112068
 0.21589735 0.36073714 0.29889524 0.25594845 0.31061521 0.26506475
 0.28880474 0.25891805 0.24580835 0.33753115 0.23203304 0.27860752
 0.30836818 0.28859973 0.2998096  0.21401729 0.14954486 0.35530239
 0.22233453 0.34062663 0.29571557 0.3039321  0.27372223 0.35174489
 0.3091602  0.30658987 0.27573925 0.21722324 0.24170366 0.36671138
 0.25993061 0.28685862 0.32658657 0.32290208 0.2589027  0.2871848
 0.23735131 0.27718619 0.33538327 0.38556343 0.27812254 0.31096724
 0.29909107 0.27357709 0.28787369 0.34030503 0.27107415 0.27886066
 0.23800227 0.26799658 0.26175821 0.27765676 0.19329448 0.2061172
 0.25245529 0.21434574 0.24113418 0.34797761 0.31094056 0.24780189
 0.25922638 0.26058415 0.21672568 0.17317243 0.27557278 0.22366567
 0.28898624 0.36760601 0.20389342 0.25525257 0.23313363 0.29285002
 0.2399376  0.16553743 0.21689411 0.33088085 0.22309296 0.28725323
 0.1722493  0.26684356 0.21085237 0.18365891 0.3035315  0.26574895
 0.24618997 0.19432667 0.20080835 0.32401979 0.22226141 0.29963246
 0.15269037 0.21010718 0.13915765 0.21354528 0.34056205 0.15939082
 0.18654761 0.33968705 0.24389383 0.2991432  0.21484761 0.23878634
 0.26276609 0.24046828 0.21681653 0.31965309 0.33569872 0.33252376
 0.34044164 0.29116809 0.27454937 0.30022794 0.28919873 0.13886099
 0.29657617 0.19910634 0.30215585 0.23382942 0.23748285 0.33868217
 0.32121032 0.36538184 0.31066525 0.23764625 0.37722087 0.29434302
 0.12626766 0.28879958 0.19808909 0.2865597  0.24558613 0.28410345
 0.26004928 0.26850146 0.2191277  0.27896637 0.21853326 0.19370258
 0.3252494  0.13363293 0.19864164 0.10395381 0.25782177 0.23195656
 0.23906334 0.26965743 0.20919366 0.24033198 0.28572899 0.28383094
 0.22762412 0.202011   0.28966621 0.25235915 0.27103445 0.20214692
 0.27766189 0.25708908 0.33190039 0.31094384 0.28566653 0.31053454
 0.19666129 0.20600021 0.24897204 0.28509688 0.23599374 0.23485382
 0.20935331 0.27471432 0.19722374 0.23650678 0.29631037 0.29130507
 0.21025275 0.23942406 0.24233927 0.38249227 0.23843689 0.25565302
 0.28454489 0.25912938 0.27202493 0.17649506 0.33160034 0.19091411
 0.21963938 0.30571762 0.31396347 0.22813696 0.27192378 0.29451159
 0.24969532 0.26524946 0.22987309 0.18465862 0.31702968 0.25390407
 0.32919553 0.23968109 0.25826183 0.20744927 0.24537073 0.22824334
 0.23938264 0.27173603 0.32000601 0.29634643 0.31987748 0.31999764
 0.29034007 0.16929495 0.22776869 0.27071315 0.32782289 0.20072162
 0.23203988 0.21284439 0.2299238  0.29439014 0.28961742 0.29972848
 0.33345184 0.35890633 0.2545602  0.28613794 0.25236905 0.24960868
 0.29674637 0.23774774 0.31665295 0.35753414 0.26509055 0.29815102
 0.30335766 0.23061359 0.27805153 0.26077488 0.27254677 0.28618541
 0.21370339 0.22820275 0.25816607 0.33997399 0.262537   0.20269655
 0.32393911 0.25396472 0.27746701 0.2345836  0.17857824 0.31148055
 0.29407299 0.29851738 0.27771249 0.26883477 0.3128942  0.22359061
 0.26378959 0.27673897 0.28378305 0.21557789 0.29978701 0.22646433
 0.24593614 0.21775088 0.26922083 0.24426401 0.24631457 0.29310203
 0.30284256 0.3197926  0.32766604 0.27760538 0.30768612 0.23098986
 0.27970949 0.32796514 0.31200039 0.32072279 0.22447632 0.26993993
 0.27678353 0.27515817 0.29110125 0.1849705  0.31477833 0.29314369
 0.29353872 0.24465752 0.28948897 0.27641606 0.33511224 0.22725759
 0.35133219 0.1538159  0.2892375  0.23805626 0.20234253 0.23240921
 0.2932643  0.2605792  0.15164159 0.31109139 0.25860015 0.23677799
 0.25433326 0.28574336 0.28472164 0.31245393 0.29469004 0.29219523
 0.30659696 0.27062127 0.27600616 0.28592202 0.33136609 0.35658315
 0.30062684 0.10807747 0.30867261 0.23411103 0.29156592 0.3455424
 0.29104084 0.20308922 0.28356904 0.2385285  0.25741428 0.22195722
 0.2693879  0.20939298 0.19068341 0.30101195 0.23557694 0.2450112
 0.25969821 0.2962372  0.28015125 0.23935667 0.19668233 0.20221037
 0.28901672 0.25385997 0.29167032 0.29875103 0.2766341  0.27031875
 0.25089046 0.26128331 0.18436716 0.3201063  0.31569755 0.28073192
 0.37595853 0.30424702 0.31945953 0.22944017 0.25735411 0.31236672
 0.31819263 0.25652516 0.19939952 0.20524281 0.32813445 0.2556859
 0.29279777 0.27943414 0.31369454 0.28642535 0.3242628  0.24720344
 0.33277908 0.28913519 0.32259753 0.27258095 0.20120345 0.2659688
 0.20153661 0.23647974 0.1693691  0.19190621 0.19290963 0.28986183
 0.30150339 0.21236685 0.22324081 0.20698655 0.34564286 0.26585677
 0.23075244 0.13909747 0.23368771 0.26750693 0.28872195 0.32207373
 0.17938244 0.23782869 0.23601073 0.23253837 0.13591678 0.24023704
 0.21047986 0.2381766  0.23766778 0.15479729 0.25770879 0.25936258
 0.2184377  0.34551591 0.22151208 0.25075343 0.261718   0.29447097
 0.19664101 0.28256834 0.27429742 0.34673542 0.22785893 0.29415503
 0.28849006 0.34906188 0.2800304  0.33570683 0.24199764 0.32220197
 0.27229038 0.22944984 0.15164053 0.24749553 0.29175544 0.25353992
 0.25855577 0.34622803 0.29063949 0.28211349 0.29777271 0.25057015
 0.26411968 0.2856856  0.24029231 0.2642312  0.24073671 0.23174195
 0.21071579 0.24432462 0.30241439 0.24894765 0.20527738 0.24506405
 0.28819421 0.23464833 0.31279293 0.29351145 0.15262879 0.22474417
 0.26603046 0.19900842 0.25532699 0.23117232 0.27631131 0.21895987
 0.28120533 0.22405177 0.27435753 0.32518306 0.18430978 0.26542932
 0.35494336 0.23766306 0.19888084 0.28809553 0.2617617  0.29574335
 0.21354686 0.272154   0.22703156 0.28231236 0.21448739 0.21598579
 0.32569164 0.31564829 0.27086413 0.28673771 0.28189743 0.3020491
 0.2976411  0.24964033 0.27450338 0.27991146 0.25996384 0.28877795
 0.27368924 0.28312349 0.23868652 0.23129198 0.31173882 0.2368675
 0.29879186 0.30371022 0.23446967 0.24763843 0.15355341 0.27900738
 0.25504795 0.24620406 0.26150301 0.24758814 0.32554227 0.20835704
 0.22907281 0.23805326 0.2808685  0.21545932 0.21592732 0.2558383
 0.26650476 0.25826654 0.21916194 0.19377427 0.29577807 0.27505633
 0.18302357 0.30007932 0.2160314  0.31461182 0.26024023 0.25672084
 0.27955249 0.26956567 0.13392499 0.25917023 0.28224489 0.28382367
 0.32979625 0.36037135 0.26720786 0.18251224 0.17895864 0.16587484
 0.26667801 0.31298545 0.24202788 0.23611633 0.28025466 0.20743136
 0.29568052 0.2830238  0.23335649 0.32363766 0.25178361 0.21808819
 0.2637141  0.31058076 0.16402765 0.26663491 0.30212259 0.30148095
 0.28165382 0.2607027  0.2572805  0.25642428 0.27296197 0.26863128
 0.22379762 0.26190263 0.27595022 0.17495506 0.26604503 0.19880952
 0.27510586 0.29829127 0.28536993 0.23099904 0.19958414 0.30249912
 0.26019028 0.33013955 0.23711391 0.24216415 0.37311125 0.33097318
 0.21106669 0.17203559 0.23456454 0.32350311 0.23126024 0.32737771
 0.20330612 0.14328109 0.27499694 0.23029351 0.2397761  0.17929821
 0.22170682 0.38230085 0.23211607 0.24836624 0.19963551 0.26368353
 0.26069301 0.23846811 0.23459645 0.24003309 0.26576689 0.25478667
 0.24705034 0.1781477  0.20504193 0.21891579 0.29798234 0.2871826
 0.30517665 0.27063787 0.32947555 0.31973895 0.31225184 0.26760581
 0.22054547 0.21719901 0.20570818 0.25402251 0.34060922 0.25466678
 0.30758232 0.33708826 0.29572603 0.24659352 0.33375737 0.32209361
 0.33291751 0.32792994 0.33938405 0.26714867 0.30386549 0.236799
 0.26993659 0.18807267 0.30770326 0.25754461 0.31095108 0.24411099
 0.27938578 0.23176785 0.15839745 0.31290096 0.21529803 0.3264015
 0.19997698 0.32153401 0.26696002 0.13181274 0.21202534 0.15793872
 0.34049445 0.33596754 0.18148544 0.19259518 0.32004657 0.24731959
 0.38880247 0.25980943 0.28884581 0.32927135 0.11012782 0.33297002
 0.19853742 0.298318   0.19777679 0.28113818 0.33569887 0.27058029
 0.24025786 0.24053492 0.23940834 0.21703191 0.31938544 0.19840385
 0.21520284 0.23659027 0.2492221  0.12654985 0.26242617 0.23366091
 0.14495562 0.3195419  0.26964208 0.2131816  0.25217751 0.27023491
 0.30526647 0.2599045  0.22892053 0.2323114  0.23644848 0.24436869
 0.28266299 0.31831503 0.27994332 0.23077016 0.20205472 0.33189976
 0.29340798 0.26330659 0.21025755 0.24281773 0.23594137 0.21468614
 0.21060106 0.23031871 0.26742247 0.20016639 0.169991   0.30648234
 0.29614121 0.21670115 0.29832232 0.15858902 0.22175744 0.13741933
 0.26845884 0.26127264 0.22853248 0.24556218 0.25109187 0.26888299
 0.24585858 0.17292921 0.25337398 0.2031865  0.27481732 0.34592587
 0.26016337 0.24594155 0.28665209 0.24865825 0.26434883 0.2576443
 0.27863291 0.33952403 0.32410201 0.32681885 0.28798401 0.32652211
 0.32628354 0.35686606 0.33806059 0.28870368 0.30263489 0.25053155
 0.3731223  0.3042053  0.28733075 0.3286621  0.39184266 0.31418326
 0.38515648 0.27756065 0.20244613 0.23015957 0.18011843 0.33963183
 0.21136047 0.31233442 0.20991722 0.2790159  0.29459164 0.28527251
 0.26689124 0.16877237 0.24892585 0.32065642 0.23856856 0.28606105
 0.29021901 0.32669508 0.26250741 0.32972741 0.31239778 0.38655356
 0.20833677 0.34729075 0.34662205 0.33810264 0.35962433 0.30455151
 0.31959063 0.18586424 0.31338751 0.29502743 0.30280071 0.34751588
 0.25849572 0.25116378 0.29097292 0.16746767 0.32893825 0.30326906
 0.17954832 0.32041636 0.25021735 0.21221764 0.32804027 0.27584216
 0.27171361 0.30346721 0.24137935 0.28291655 0.29057965 0.29844123
 0.17381102 0.29936421 0.24004079 0.20239533 0.29967877 0.28531879
 0.20468469 0.23938119 0.28275922 0.29627225 0.27316281 0.18333244
 0.22934341 0.28477848 0.2137816  0.29759923 0.26252654 0.36694655
 0.29788101 0.2749666  0.33112586 0.20402944 0.37118992 0.22547485
 0.27547631 0.29612547 0.19460696 0.19354965 0.21577811 0.33298081
 0.27424008 0.29460096 0.301258   0.326904   0.27896392 0.23615596
 0.31796104 0.27770305 0.36598882 0.31164756 0.29764417 0.29734156
 0.29164839 0.16436814 0.3225365  0.20554979 0.17349337 0.2688067
 0.28286657 0.26628926 0.20595992 0.32024482 0.30571958 0.2393923
 0.30093017 0.2924833  0.26291737 0.29976016 0.16772325 0.19557844
 0.25474444 0.2312901  0.19804206 0.35793126 0.26179919 0.2870436
 0.27853191 0.29497156 0.28219044 0.33325267 0.28147542 0.27596915
 0.27378097 0.32110789 0.369481   0.27033451 0.23203251 0.28431037
 0.26997325 0.24851926 0.29119313 0.25940365 0.18226536 0.24713807
 0.29830033 0.22649765 0.25884598 0.26059395 0.3340697  0.26290703
 0.16365717 0.20050989 0.18301527 0.26006624 0.23152608 0.22777528
 0.30093101 0.25943968 0.2086004  0.26324832 0.25710139 0.30433303
 0.29184294 0.34291726 0.26918992 0.12763564 0.25807005 0.22866085
 0.21954583 0.26915985 0.23011425 0.25311199 0.30203408 0.35330781
 0.2024695  0.25148454 0.24240755 0.33149862 0.25614524 0.26955804
 0.28897566 0.21109636 0.26809573 0.20838547 0.29705921 0.21531786
 0.18659063 0.21150279 0.33223423 0.26135707 0.31190675 0.16888115
 0.19600698 0.18121606 0.13918172 0.31101415 0.24364471 0.23633349
 0.23034002 0.27808952 0.30464539 0.25303379 0.27894065 0.2861062
 0.31998232 0.27609453 0.27891544 0.25986442 0.24611783 0.28694406
 0.35230395 0.34911105 0.2320132  0.33563828 0.29376948 0.18565314
 0.22183107 0.31282464 0.27254412 0.2883105  0.23361342 0.23733369
 0.22657269 0.36170617 0.28689027 0.33152449 0.31736875 0.26883268
 0.35550985 0.38787419 0.28357312 0.18468702 0.20838864 0.33057591
 0.24639206 0.30878323 0.33182922 0.26372626 0.22052789 0.26036626
 0.1747811  0.27074841 0.16977088 0.1950566  0.309268   0.33129695
 0.35995498 0.29968962 0.28325665 0.34658733 0.33304369 0.26470867
 0.26910162 0.24110852 0.26666561 0.27021691 0.25072107 0.29535371
 0.30442208 0.26538488 0.27711317 0.23653971 0.31609115 0.2680096
 0.29023874 0.22069772 0.26660249 0.2999509  0.26744589 0.25935569
 0.28144059 0.29104686 0.29743364 0.33302477 0.27082282 0.27349907
 0.30966571 0.32203144 0.17852186 0.29816043 0.32952052 0.23393896
 0.29006767 0.25938261 0.32243389 0.2891961  0.2883406  0.23866875
 0.27651691 0.30889508 0.20151056 0.25077653 0.28726333 0.22769862
 0.2541244  0.22517189 0.23854983 0.26009315 0.25981534 0.14591336
 0.19969442 0.24317987 0.27834558 0.31965694 0.2733312  0.23662084
 0.33585769 0.29207832 0.21587399 0.25953564 0.29108089 0.27529818
 0.25842199 0.29841128 0.30279133 0.31039608 0.32236978 0.31859371
 0.32632232 0.25340626 0.26251075 0.29953006 0.28170264 0.30168971
 0.28449291 0.24964146 0.25853193 0.22822438 0.27386829 0.25329861
 0.32663348 0.31901008 0.29847893 0.30986285 0.18732072 0.27558783
 0.25077656 0.30626366 0.27040672 0.28551492 0.32874283 0.32192594
 0.24149992 0.30134407 0.27659491 0.28306925 0.28639093 0.30619687
 0.27630141 0.32983866 0.28471315 0.25652412 0.30638683 0.24220462
 0.33499879 0.27939436 0.32037318 0.27092081 0.38620174 0.40661505
 0.39966726 0.20960863 0.3869845  0.37557331 0.36699265 0.29377797
 0.32532552 0.34480348 0.30999765 0.34258038 0.22264937 0.32333615
 0.33747277 0.28548077 0.2877968  0.23095621 0.30194736 0.25137529
 0.23315056 0.27044311 0.27894735 0.24818069 0.25757876 0.31548381
 0.30785722 0.32709402 0.2216038  0.23086338 0.30105188 0.25828221
 0.32317659 0.35483381 0.25575852 0.34995243 0.23337547 0.22625597
 0.23051703 0.2494847  0.33300984 0.28780082 0.07802656 0.15813217
 0.29485059 0.25511324 0.30743036 0.28285635 0.28747123 0.34939066
 0.3410894  0.3074123  0.29250017 0.27139869 0.25118411 0.2566168
 0.30403656 0.32127517 0.29722986 0.27523348 0.24981752 0.23704961
 0.29609436 0.30567509 0.1968424  0.24599321 0.28584799 0.20498662]
 Total average is 0.2650691735382827
 -------------------------------------------- 
