
 -------------------------------------------- 
Averages for 0 is: 
 [0.24333441 0.26161066 0.23179325 0.22949173 0.32044846 0.31219149
 0.30574682 0.31992579 0.2785047  0.24251771 0.24962799 0.2708171
 0.23688503 0.29461405 0.3062084  0.22566359 0.28480247 0.34867215
 0.2707065  0.25743169 0.23596819 0.33069634 0.33145013 0.18036234
 0.23219395 0.31707799 0.15484144 0.23218353 0.28113446 0.29326883
 0.17492032 0.32979205 0.31439897 0.26638478 0.30924571 0.25917706
 0.23056291 0.25802779 0.29611194 0.30189946 0.3326827  0.2900725
 0.34922853 0.23783565 0.26940185 0.32049134 0.31233722 0.32963601
 0.2662577  0.22044003 0.2674121  0.28020063 0.32834893 0.17982215
 0.26287341 0.25444072 0.23137982 0.28457129 0.24862748 0.23877358
 0.25361985 0.24296425 0.23921971 0.21791738 0.20194836 0.22201733
 0.24755533 0.27173918 0.27351442 0.25020653 0.28138199 0.25919008
 0.28095233 0.29933402 0.26917776 0.21165904 0.28813201 0.28785095
 0.29930812 0.23443468 0.27593914 0.28841105 0.29859662 0.25907922
 0.23907444 0.32269692 0.22666994 0.21753027 0.23734756 0.16826381
 0.25336385 0.2100312  0.20796621 0.21517023 0.21287841 0.25033036
 0.21582    0.20011361 0.23861568 0.25936246 0.29253519 0.21640708
 0.32987094 0.2124791  0.23694636 0.25656092 0.31287208 0.25942132
 0.25047058 0.27206817 0.23575205 0.22838619 0.2301221  0.25516436
 0.13385409 0.29599074 0.27218464 0.33493331 0.2387712  0.23270142
 0.29481986 0.23443818 0.25155053 0.28259417 0.30543947 0.34736848
 0.30116206 0.33020136 0.29581594 0.25322759 0.29714683 0.25517631
 0.26904175 0.22821967 0.26125103 0.23351724 0.27995482 0.32059705
 0.28565866 0.3379299  0.26228705 0.27691329 0.17558405 0.29868847
 0.2891624  0.29153845 0.26636541 0.25151727 0.28277788 0.30212426
 0.18292221 0.2304043  0.24736117 0.23975018 0.27435625 0.30909085
 0.31500471 0.33037603 0.31141838 0.2876747  0.29011825 0.26891279
 0.33187756 0.30252668 0.2973527  0.28732097 0.27466661 0.33408666
 0.31213546 0.21024609 0.25175321 0.29572168 0.26598227 0.27360272
 0.28371274 0.29789069 0.31005314 0.2310735  0.2565093  0.28848618
 0.13244188 0.28084758 0.20246536 0.31563073 0.30160677 0.28099853
 0.26722309 0.35199907 0.29721731 0.32645386 0.35574073 0.36714152
 0.28989604 0.24327017 0.16887257 0.31851819 0.25490865 0.2285461
 0.31819442 0.31162277 0.24581832 0.29037261 0.2753298  0.26196668
 0.31251416 0.28693947 0.31207666 0.21037351 0.320622   0.20611878
 0.26649407 0.30415347 0.34796897 0.29573265 0.21468785 0.31442785
 0.20154139 0.29601473 0.26137504 0.28582942 0.25705832 0.21488667
 0.30628824 0.28868398 0.33697584 0.25097063 0.2483272  0.32028881
 0.2347631  0.17927416 0.23450026 0.33877385 0.31350991 0.26677489
 0.28582665 0.30069354 0.21254766 0.29071668 0.30742404 0.1920988
 0.30373394 0.24321109 0.22766876 0.2373078  0.25242308 0.24420002
 0.25865063 0.29303339 0.24952012 0.20637839 0.25762388 0.30553365
 0.24373041 0.2961458  0.2572253  0.25855407 0.22819152 0.22865848
 0.29301339 0.31506512 0.25084367 0.18008384 0.23657335 0.26374343
 0.26323444 0.17455849 0.23877305 0.2227599  0.22443235 0.24168162
 0.30949837 0.28925055 0.23433852 0.24842703 0.22008544 0.20265381
 0.27860239 0.30240431 0.29701868 0.27686462 0.2383126  0.21517189
 0.26316577 0.23727837 0.27517942 0.19215049 0.29591945 0.25440025
 0.32052648 0.25574154 0.25102001 0.30003032 0.20313542 0.25292191
 0.35524774 0.20323302 0.27038932 0.26617682 0.24028097 0.29124719
 0.26141399 0.21619746 0.24929884 0.32746452 0.22772613 0.22683735
 0.24402785 0.2277586  0.27916506 0.26991883 0.28300577 0.22538491
 0.28504542 0.27713233 0.30445701 0.26685366 0.20301665 0.21624821
 0.37872595 0.26692507 0.27399218 0.26869231 0.24171808 0.28721291
 0.25302821 0.20661607 0.17045744 0.28814328 0.1765442  0.15596975
 0.28437045 0.30526999 0.32478347 0.25819534 0.27449533 0.28651863
 0.28278202 0.31807187 0.31631503 0.27194324 0.31761655 0.29024616
 0.29997599 0.25072798 0.29481113 0.26223841 0.28923142 0.34327301
 0.222048   0.26045212 0.28360048 0.26137507 0.26597258 0.37319171
 0.27309936 0.30291438 0.29738641 0.28760025 0.34671018 0.27911374
 0.32820076 0.30936384 0.24054293 0.21552929 0.34185171 0.33242783
 0.24823877 0.24749853 0.32496449 0.26651409 0.18060943 0.25191244
 0.31195784 0.28130293 0.34024936 0.27163339 0.28616434 0.22446524
 0.19627716 0.33010125 0.24304235 0.22936219 0.3198911  0.24692576
 0.28483334 0.21952246 0.27917045 0.29725245 0.23224862 0.21518731
 0.27061594 0.30569649 0.18654536 0.24510236 0.25861019 0.2683222
 0.33667445 0.3435806  0.31878391 0.33497798 0.24077474 0.24056627
 0.36009291 0.25589237 0.36895394 0.26413068 0.28289011 0.3402859
 0.28061524 0.28300887 0.28431827 0.22507447 0.20012091 0.20538089
 0.21752505 0.30726838 0.26874673 0.26892781 0.22978584 0.24267112
 0.24816309 0.30700985 0.25567976 0.27244446 0.30892128 0.28403401
 0.29504418 0.23481217 0.28201395 0.31499332 0.31950366 0.30324101
 0.2401766  0.34150189 0.23149389 0.26680869 0.29230994 0.27684876
 0.32292143 0.31521964 0.26747617 0.22029698 0.32675201 0.25357416
 0.34420168 0.32505968 0.19892722 0.26805779 0.27912471 0.26712599
 0.28125    0.21225998 0.33627793 0.27883056 0.24916552 0.29220149
 0.25618052 0.21788965 0.31437141 0.20133862 0.31515232 0.14567362
 0.30966321 0.3085278  0.34021267 0.32091951 0.29494023 0.30779225
 0.32648546 0.29112282 0.26188993 0.15962145 0.32967237 0.26849371
 0.28186059 0.24316831 0.23856591 0.33487359 0.28256842 0.293596
 0.27048081 0.29355264 0.32962871 0.23964831 0.24637491 0.30098051
 0.25315157 0.33091566 0.16521403 0.2971645  0.26217699 0.28536913
 0.31370243 0.3006067  0.31556043 0.25274238 0.18545976 0.2850388
 0.27911314 0.3165082  0.30048761 0.22605787 0.24902651 0.23550951
 0.26439044 0.28589234 0.30554411 0.26299357 0.32538539 0.24450217
 0.28440368 0.29914168 0.22625324 0.23977749 0.24004441 0.24474856
 0.14528625 0.14851712 0.27173966 0.33216083 0.34299275 0.22115925
 0.23717837 0.29017732 0.25711271 0.30302215 0.30751568 0.22126992
 0.3100054  0.25513789 0.31948924 0.32295892 0.20197666 0.19123814
 0.25991121 0.35212487 0.22308275 0.32591671 0.26912442 0.30704564
 0.19224814 0.24104175 0.26661173 0.31817245 0.27593818 0.30682933
 0.27343428 0.32838985 0.266449   0.28300467 0.30505356 0.21405952
 0.29472595 0.17574069 0.28315973 0.3022427  0.28679276 0.26741281
 0.26055124 0.22718067 0.3113569  0.25850013 0.22843505 0.29354516
 0.29300463 0.23638381 0.36242878 0.22460879 0.2203058  0.2939724
 0.22976583 0.24137013 0.20325762 0.2951555  0.29119399 0.23395839
 0.17793651 0.21911423 0.29198691 0.22763361 0.25401711 0.28278118
 0.18896987 0.21074498 0.22430997 0.19945417 0.26127911 0.18900454
 0.2853739  0.29826999 0.30431959 0.31198511 0.29812181 0.24802285
 0.33784971 0.2258888  0.3558282  0.30939272 0.34573466 0.17668115
 0.25457981 0.35884157 0.297405   0.30947393 0.27217001 0.3063567
 0.29121229 0.30708748 0.27877986 0.26503751 0.23490715 0.28698656
 0.22653696 0.21379049 0.25095022 0.27947596 0.26191783 0.20705768
 0.29090267 0.23850682 0.24816562 0.24097812 0.23574182 0.25156704
 0.28082508 0.26364699 0.26785734 0.31698102 0.30767846 0.26862523
 0.27111742 0.24397068 0.20113093 0.22595406 0.31367284 0.25183669
 0.19735622 0.25315484 0.1924275  0.32636762 0.32579553 0.22093092
 0.26562247 0.29321891 0.30763417 0.28140834 0.35973909 0.28943253
 0.27723607 0.24415167 0.22505437 0.2509107  0.26823619 0.1897506
 0.28299195 0.23130171 0.26263499 0.32866567 0.29286584 0.14873812
 0.16769752 0.23414375 0.18308038 0.2674402  0.2431502  0.24252447
 0.20665422 0.28685847 0.18727607 0.29477805 0.16594672 0.18321805
 0.20375553 0.19628863 0.31748644 0.35587603 0.25301906 0.31988421
 0.26934201 0.31647336 0.28430536 0.21610682 0.29928884 0.34278154
 0.34041581 0.29623201 0.25254032 0.29885748 0.30141425 0.30435178
 0.24195015 0.2870073  0.23777284 0.2085671  0.27142298 0.30451047
 0.27103224 0.33762488 0.26628432 0.30641523 0.2638084  0.25417495
 0.20873542 0.20011277 0.35199139 0.22783075 0.20875995 0.26810813
 0.21564981 0.28645766 0.32063556 0.27320278 0.2495977  0.26440686
 0.20381449 0.15727384 0.21856958 0.3264969  0.20631362 0.16412114
 0.37077323 0.30233705 0.31319818 0.20625122 0.22941837 0.20330122
 0.28262249 0.19773841 0.27317104 0.25618097 0.20071594 0.18743134
 0.22122701 0.28064626 0.24521028 0.30743536 0.26429617 0.22521167
 0.23837358 0.26634407 0.18572356 0.22381222 0.19348074 0.24131268
 0.17409584 0.19040552 0.20904191 0.33463413 0.25610104 0.17988381
 0.35156298 0.19834486 0.18914513 0.188783   0.28384715 0.25602159
 0.28656632 0.21701953 0.27829212 0.27012485 0.29070017 0.25248525
 0.24484037 0.23279536 0.25522104 0.17737669 0.24018514 0.23120876
 0.31021369 0.23575041 0.28552556 0.22284995 0.24034987 0.29127857
 0.31460547 0.23622938 0.20798779 0.25244552 0.27856246 0.24277948
 0.34098768 0.307547   0.26580408 0.31431773 0.35688728 0.29980418
 0.27725852 0.24075621 0.2497014  0.22131442 0.21941762 0.31571123
 0.29296535 0.29227617 0.37245575 0.29409611 0.35972714 0.31227413
 0.28414139 0.29123086 0.17287993 0.22120877 0.25834987 0.3244262
 0.35515705 0.33773562 0.20513326 0.30896905 0.33056626 0.19714792
 0.31232986 0.27811316 0.28526169 0.27034408 0.18825437 0.26646623
 0.25347966 0.21066944 0.25135064 0.24044524 0.27398291 0.25883394
 0.2916382  0.23650229 0.25674367 0.25740314 0.31612203 0.17369927
 0.27202818 0.28602472 0.30610937 0.2048806  0.24524027 0.24815972
 0.24336313 0.24887452 0.2760331  0.28979671 0.26570979 0.23997745
 0.2595945  0.26100707 0.26090193 0.23991144 0.2752941  0.25790089
 0.24164484 0.1574011  0.2928229  0.3101998  0.32021204 0.28476447
 0.33480367 0.30693254 0.35113898 0.33915508 0.20487925 0.32043585
 0.30033669 0.32981163 0.34766793 0.31815717 0.35433906 0.28454149
 0.2788367  0.21671341 0.25985095 0.32226455 0.26092315 0.26915109
 0.29408342 0.29206327 0.28210142 0.29703686 0.30442032 0.2113539
 0.21370286 0.28384197 0.26169163 0.25907862 0.28341219 0.32312247
 0.26389906 0.31778172 0.20708707 0.26976681 0.31305507 0.33764049
 0.32047629 0.29058763 0.25709665 0.3281844  0.31965253 0.28982568
 0.25441161 0.17127617 0.26688415 0.30455428 0.25337312 0.32637492
 0.18574761 0.31201643 0.30594426 0.24101156 0.29581726 0.22337045
 0.29840359 0.31805003 0.27688661 0.22538553 0.30894765 0.25044781
 0.31878811 0.33931085 0.30432841 0.27272633 0.2679539  0.22569349
 0.26866445 0.27957007 0.21246283 0.17814511 0.32130224 0.31519488
 0.3150911  0.24034384 0.24012163 0.20629857 0.31539139 0.26622355
 0.18961994 0.27783296 0.22882766 0.30158624 0.33259031 0.25139347
 0.25711909 0.25258791 0.27844089 0.22044042 0.29237595 0.30684412
 0.19769968 0.2933141  0.24056208 0.30085269 0.31226429 0.2679936
 0.24932137 0.33376503 0.37751615 0.25005227 0.33145383 0.21591121
 0.29455698 0.29208788 0.20956489 0.20528196 0.33901212 0.25064823
 0.24564287 0.33937782 0.24442659 0.35499081 0.26199424 0.28497005
 0.33796594 0.35580251 0.20293649 0.29260749 0.27785742 0.20336844
 0.32833275 0.2319662  0.28290799 0.25328791 0.23293631 0.259657
 0.34527063 0.27649316 0.30088043 0.26241148 0.23633778 0.26062429
 0.2582233  0.22708987 0.29199651 0.26905569 0.28146639 0.25319776
 0.3378166  0.25585473 0.25333852 0.24447313 0.28843975 0.26522055
 0.19117145 0.24571025 0.29440767 0.2583324  0.27971315 0.31732598
 0.35962713 0.22511256 0.31005049 0.29860842 0.28969318 0.22514361
 0.29410005 0.25741091 0.30339342 0.17215472 0.2551119  0.27666304
 0.24549916 0.34449771 0.28294554 0.24357554 0.29925728 0.25191975
 0.29706025 0.18191504 0.37006998 0.32256815 0.31876084 0.30562639
 0.38822165 0.19399518 0.2531338  0.36804286 0.25404933 0.37966919
 0.30651507 0.28992257 0.20170172 0.25542781 0.36860967 0.28760451
 0.2733627  0.31027678 0.28590736 0.30147919 0.2621938  0.25214827
 0.36626628 0.18200792 0.31163412 0.28599158 0.26598629 0.27958336
 0.2858378  0.31730095 0.26564753 0.27513143 0.28597388 0.28168777
 0.32969856 0.31620511 0.31827104 0.22558232 0.2853488  0.25329676
 0.25783318 0.23491387 0.23491555 0.31355482 0.28915361 0.26781809
 0.23869978 0.35563073 0.24690647 0.23590538 0.20055595 0.23600592
 0.28442031 0.26758778 0.23117688 0.23115073 0.22374284 0.31953555
 0.22172382 0.33702073 0.29542398 0.25548112 0.24784704 0.30118951
 0.27702901 0.28321457 0.32833901 0.19976294 0.35037947 0.25785768
 0.2822637  0.3432692  0.17594077 0.31702033 0.27697313 0.21575305
 0.28972736 0.25513694 0.35293475 0.18797503 0.26321295 0.27464652
 0.33249927 0.27745467 0.21420865 0.27138573 0.26555523 0.30461517
 0.27566531 0.21633816 0.27175367 0.33848614 0.27798572 0.20211072
 0.3035     0.34393618 0.14984092 0.25245115 0.31377244 0.34711003
 0.29400352 0.26913685 0.22353724 0.30527893 0.25062472 0.3181428
 0.21971527 0.29978743 0.28034601 0.27602333 0.21333136 0.3246035
 0.28654954 0.20533955 0.28881758 0.2048132  0.27216023 0.2335663
 0.24740893 0.23428026 0.31954369 0.30356768 0.24605827 0.27455735
 0.27983516 0.28698885 0.20543751 0.32755673 0.28540283 0.21415474
 0.31531307 0.20942567 0.28808272 0.25678518 0.28250051 0.2506125
 0.26351696 0.26589128 0.277455   0.2773656  0.32539213 0.24432448
 0.17178497 0.24078669 0.2623423  0.18421613 0.2667177  0.24845302
 0.24989721 0.26444724 0.26975662 0.18421642 0.29599807 0.19085018
 0.36700106 0.28731659 0.32618096 0.23532677 0.26302657 0.276981
 0.20816307 0.25750113 0.24947639 0.2303074  0.31771338 0.25542307
 0.32322448 0.29382595 0.25497764 0.27170432 0.2112411  0.25432837
 0.25311571 0.20187522 0.30336642 0.22916265 0.21193779 0.26594427
 0.27246222 0.21470408 0.23621121 0.30915633 0.23776297 0.28459719
 0.23327318 0.2571252  0.25852472 0.22998786 0.27600279 0.27924144
 0.30596811 0.28584835 0.25698331 0.21911913 0.23504296 0.28858361
 0.31105775 0.24527106 0.25079885 0.30028474 0.34169334 0.222248
 0.19812389 0.25029388 0.27407503 0.28112778 0.22571237 0.27588156
 0.22566757 0.24855614 0.2905055  0.17633769 0.23693205 0.22527941
 0.16892764 0.23710901 0.22072774 0.21219382 0.23703967 0.27809736
 0.2179933  0.28801343 0.27429166 0.27570665 0.23997833 0.20905364
 0.26686856 0.26828018 0.21886495 0.28366622 0.28251186 0.20930019
 0.29675585 0.20090371 0.24381992 0.19456786 0.24643598 0.2106846
 0.30342886 0.29939896 0.31788978 0.20402753 0.29803941 0.3241936
 0.23607895 0.23988992 0.23830624 0.25087231 0.21011722 0.31668359
 0.14330693 0.27646348 0.27908015 0.28158766 0.3259775  0.33226094
 0.28625613 0.31648308 0.33407584 0.27456343 0.29992631 0.20845784
 0.32859257 0.33142781 0.20816216 0.3153373  0.33800656 0.23199451
 0.21905397 0.28107449 0.23892683 0.28436291 0.26035583 0.31699139
 0.29265848 0.24692726 0.29667655 0.23818685 0.29594049 0.26668972
 0.25441831 0.28550234 0.27683553 0.2922948  0.29326627 0.28020033
 0.27303815 0.30409026 0.28471655 0.27957231 0.29207245 0.29003486
 0.27083388 0.29548681 0.25114527 0.23670724 0.25149128 0.28432316
 0.26410699 0.24035135 0.19959411 0.22789052 0.31888357 0.273947
 0.24795552 0.26310509 0.28211781 0.21980672 0.30901861 0.24366082
 0.27190867 0.23362046 0.25870103 0.26592088 0.24228701 0.29829568
 0.20654984 0.25942475 0.34823292 0.20041598 0.2841022  0.20583227
 0.24582629 0.29183564 0.34214512 0.27168325 0.26122236 0.35997468
 0.28723544 0.26302239 0.31663334 0.35131991 0.31585512 0.28441465
 0.33982858 0.16794963 0.29281121 0.31458497 0.33228293 0.29617843
 0.30539533 0.3006683  0.30173102 0.32381022 0.30974817 0.28098834
 0.26758808 0.22255823 0.22978619 0.25173077 0.23096894 0.21505795
 0.23830409 0.27207065 0.29819873 0.17476229 0.27574155 0.3074978
 0.27118006 0.21915059 0.23904234 0.30687413 0.26456016 0.31247982
 0.30851391 0.27582204 0.22173727 0.17721443 0.24808794 0.25007758
 0.28274727 0.25159052 0.30699503 0.2849021  0.19632721 0.1909935
 0.20849808 0.24814633 0.24385998 0.2299158  0.22681582 0.31115365
 0.24731039 0.19353014 0.31176931 0.18955648 0.29623935 0.24680099
 0.29579952 0.32813215 0.26442084 0.32946277 0.31165984 0.30050763
 0.36533761 0.35815376 0.27971995 0.28173494 0.3697803  0.27398416
 0.25066766 0.30754226 0.35675541 0.34070984 0.20919372 0.34496394
 0.19602464 0.30170119 0.23437952 0.26590604 0.32654825 0.28937468
 0.29746255 0.33780351 0.25875655 0.31828398 0.19857933 0.28099427
 0.2376115  0.18118858 0.23594899 0.26278612 0.25504458 0.28212988
 0.23813832 0.23453975 0.31786162 0.27679962 0.21533224 0.3096163
 0.27835512 0.24742016 0.25743812 0.22400206 0.19510192 0.29817471
 0.19896196 0.29438275 0.21957825 0.26368856 0.25727776 0.28370571
 0.28531867 0.28208455 0.28072041 0.18372989 0.36042807 0.34977752
 0.28738186 0.23109584 0.31625533 0.29384217 0.28559515 0.32100016
 0.1929096  0.29614896 0.26367807 0.35798824 0.32682955 0.273684
 0.27463403 0.32104078 0.28648138 0.26394117 0.24377488 0.27963173
 0.28144738 0.28534228 0.30614632 0.25894499 0.29400662 0.22499372
 0.24984847 0.26177984 0.24568531 0.28770933 0.23273359 0.28790817
 0.24357429 0.23391271 0.19989637 0.24839845 0.32240835 0.11758964
 0.24926871 0.24661864 0.2644836  0.28382304 0.27785164 0.30844253
 0.28043541 0.16999054 0.24385165 0.22540402 0.1871694  0.30158445
 0.22694397 0.26818296 0.25442329 0.23917474 0.27223718 0.31162235
 0.25136691 0.22739485 0.29892501 0.2485361  0.26673684 0.14767995
 0.24907309 0.32518628 0.2235629  0.21181086 0.22210015 0.27182743
 0.22191755 0.29793647 0.23630376 0.18495524 0.27437526 0.27596796
 0.27503154 0.24792492 0.22219957 0.25819018 0.31202358 0.3052837
 0.24722898 0.1945025  0.25036532 0.1940401  0.34477159 0.24445117
 0.28396526 0.26506528 0.32260326 0.29207602 0.34897092 0.3137596
 0.25772628 0.22170775 0.26240808 0.28796327 0.28859478 0.28390458
 0.28316405 0.29330578 0.25990054 0.26478505 0.2073337  0.27955642
 0.1998433  0.19454619 0.36750403 0.23993789 0.23131293 0.28830108
 0.19745179 0.26049772 0.25843364 0.15151359 0.29041752 0.23237024
 0.29805109 0.32044521 0.29397434 0.22921842 0.2314184  0.2208012
 0.20016284 0.31754503 0.25703788 0.30851907 0.30120146 0.27522206
 0.23843734 0.2861113  0.26029181 0.2532554  0.26811463 0.27822495
 0.25483745 0.25141597 0.25816718 0.25197953 0.21797873 0.25869256
 0.1611315  0.24508114 0.2639128  0.32908118 0.29607001 0.31559348
 0.16774614 0.24891073 0.26365903 0.23443036 0.3400501  0.29659602
 0.25315106 0.3099108  0.1584886  0.31399319 0.31290832 0.31110835
 0.21254173 0.18197717 0.22066362 0.26168925 0.2512238  0.22145829
 0.23623376 0.29524577 0.29709962 0.20482032 0.15326053 0.24416815
 0.25397578 0.20672487 0.24955679 0.30260554 0.2700395  0.23696321
 0.2848298  0.24896738 0.31540594 0.34059182 0.19618416 0.28348744
 0.25642499 0.26797256 0.23976146 0.29795584 0.28952512 0.23697145
 0.23398037 0.30326819 0.20235276 0.26731774 0.31351086 0.28863576
 0.23634048 0.32418069 0.24380042 0.29050946 0.30310088 0.24014245
 0.26450536 0.22908117 0.30029529 0.27836904 0.31963712 0.3084603
 0.25360373 0.24993254 0.24755879 0.2461628  0.17955329 0.21719044
 0.20912023 0.25534329 0.25193599 0.25919193 0.27258462 0.35437956
 0.32401651 0.26764044 0.18973625 0.31422976 0.27931777 0.19534265
 0.27037174 0.25495607 0.25490612 0.32837749 0.26484156 0.28870898
 0.27238765 0.30492932 0.27740735 0.20170395 0.32462835 0.2757659
 0.21217427 0.26667878 0.24844463 0.28065187 0.23235461 0.2647683
 0.22972915 0.20803469 0.17865498 0.29336205 0.29994571 0.19863918
 0.31443667 0.28597951 0.23949981 0.28511477 0.25878146 0.30322808
 0.23671076 0.28872925 0.28748187 0.20677236 0.25840405 0.24769013
 0.18757196 0.20915487 0.19724618 0.26123187 0.23995902 0.26598305
 0.26734045 0.29528591 0.31365538 0.2343576  0.30350366 0.26098362
 0.30612794 0.19158274 0.20367128 0.19853471 0.19260591 0.26355904
 0.24190596 0.25126773 0.22305538 0.25203329 0.20362002 0.21332829
 0.26378381 0.21394508 0.18576862 0.18220483 0.21458232 0.20764215
 0.19472796 0.18173598 0.20128627 0.26511756 0.16183522 0.17172198
 0.20234412 0.21632786 0.2823104  0.17954317 0.23336025 0.33632901
 0.29886702 0.17897105 0.20488638 0.22114804 0.25497407 0.28443462
 0.25853083 0.23630765 0.28354806 0.20432769 0.2154583  0.28499493
 0.21677874 0.27583393 0.26231897 0.22921936 0.23586017 0.27818096
 0.2028179  0.23619838 0.25991794 0.24852854 0.27247274 0.25578427
 0.2941584  0.24356709 0.21209893 0.26262891 0.24795309 0.23981217
 0.3239398  0.29652044 0.25878361 0.27850142 0.33523077 0.25059253
 0.30095804 0.33379743 0.32860029 0.24279971 0.2899676  0.25367218
 0.24652378 0.2176607  0.2987504  0.24482988 0.22465424 0.19191878
 0.31830305 0.24672438 0.23582444 0.27229598 0.23138678 0.22621423
 0.19490196 0.2461043  0.35350609 0.2419275  0.29721731 0.30780378
 0.17750414 0.27020648 0.25591639 0.29116026 0.26653451 0.27109614
 0.30995551 0.31408185 0.25867501 0.31025621 0.27337661 0.26906013
 0.2976934  0.2381134  0.25261953 0.26825944 0.28881633 0.3412039
 0.17381488 0.30374506 0.25024882 0.31269491 0.22679681 0.26847512
 0.25899935 0.32004073 0.35984418 0.20461561 0.28759953 0.23202087
 0.24811731 0.28601214 0.20355487 0.30081204 0.25819591 0.23481809
 0.26919618 0.26093614 0.30245402 0.27039939 0.2487772  0.28875843
 0.32056493 0.30726385 0.273269   0.26060146 0.18989171 0.25849906
 0.21230514 0.2666055  0.29891875 0.2058225  0.19255315 0.29341975
 0.16328074 0.25082335 0.23694314 0.2328064  0.19534904 0.2065755
 0.26808864 0.19609541 0.29579175 0.20019518 0.25358316 0.28136009
 0.26300913 0.23212749 0.31369436 0.21277224 0.23912613 0.25295508
 0.24910222 0.20304914 0.20890661 0.36398643 0.33021289 0.31163841
 0.20327058 0.28998402 0.21606572 0.3384656  0.29834074 0.32007968
 0.21549818 0.32100561 0.22832261 0.34865427 0.27487761 0.20645149
 0.33237174 0.27459469 0.34928551 0.2908695  0.29331896 0.30561697
 0.23164262 0.28471711 0.32209399 0.35413554 0.29635051 0.29293635
 0.34521586 0.13208094 0.25375438 0.35501543 0.21841855 0.20966269
 0.32614061 0.26168847 0.32262218 0.24623083 0.24774481 0.19717723
 0.27156743 0.27412742 0.2247986  0.27635184 0.29339156 0.29912436
 0.33111751 0.30437762 0.19163641 0.25352758 0.3441236  0.27520537
 0.30858311 0.17647062 0.25040305 0.24418715 0.26471594 0.25163615
 0.26615804 0.25732142 0.27479246 0.24659391 0.35910898 0.3620747
 0.21015976 0.26098073 0.31850535 0.36135194 0.25448897 0.2214554
 0.24961527 0.34208935 0.29751533 0.31228697 0.3062332  0.31430179
 0.23472479 0.30155963 0.30366349 0.28716022 0.20918141 0.32632014
 0.18468916 0.30796525 0.28979123 0.31427926 0.24057505 0.32892266
 0.34905586 0.25167927 0.3155787  0.28395554 0.32852986 0.32426664
 0.33110312 0.16953112 0.30793309 0.30785385 0.28191477 0.28451732
 0.24561781 0.34161508 0.28976461 0.26517883 0.32672408 0.25890645
 0.26847357 0.30033985 0.33757836 0.31240591 0.23114173 0.22109526
 0.24693888 0.197892   0.34872791 0.30235866 0.27553046 0.32016626
 0.30856478 0.27738595 0.26318932 0.22129585 0.28181893 0.15429053
 0.22563106 0.30026129 0.33601168 0.18154381 0.18588467 0.21447556
 0.22701481 0.2089747  0.21573091 0.28285104 0.29212937 0.25384074
 0.23047435 0.22343312 0.20667773 0.22059955 0.18159461 0.25420687
 0.28613839 0.28033483 0.28330457 0.32884496 0.20888963 0.28276199
 0.25387889 0.23098208 0.26081139 0.22473919 0.27301547 0.32600096
 0.31381819 0.18547541 0.30080724 0.26401353 0.29593509 0.27334458
 0.28241512 0.23454215 0.24677892 0.25197026 0.22509161 0.21274948
 0.3006714  0.29570615 0.30510265 0.26794925 0.25691321 0.29719827
 0.25040901 0.20704184 0.33261746 0.2897411  0.34801856 0.32311362
 0.23327835 0.24827199 0.26926747 0.28388667 0.32591233 0.23963413
 0.29473099 0.32793698 0.24581297 0.38917121 0.338126   0.2064731
 0.17007887 0.29395881 0.29617852 0.24890968 0.31781161 0.29284829
 0.33280572 0.34719521 0.23619616 0.29953057 0.31205231 0.2852118
 0.32499158 0.30270678 0.29919067 0.20556729 0.30142045 0.24383903
 0.34100395 0.30106544 0.32784107 0.30604067 0.20734623 0.24516673
 0.30252838 0.26487359 0.36140585 0.26373228 0.22885634 0.30680817
 0.24392428 0.30317599 0.23745085 0.26651168 0.32755905 0.22927488
 0.29091778 0.2875593  0.28966752 0.19420102 0.32413009 0.32961321
 0.34917778 0.30736306 0.21061562 0.24634846 0.17617506 0.31823486
 0.22827494 0.26151595 0.2935375  0.13079599 0.30213046 0.22537446
 0.20018186 0.32709908 0.23405991 0.28450233 0.22488582 0.31975657
 0.28144097 0.16005647 0.20494348 0.23901279 0.20553309 0.26118237
 0.28729236 0.25392511 0.27782932 0.28637186 0.26792213 0.28659794
 0.34035009 0.34868443 0.36046743 0.29278681 0.37029371 0.20984077
 0.30575317 0.30610529 0.21600753 0.31652969 0.3394421  0.35308036
 0.25397637 0.18574621 0.33009794 0.37272856 0.34313136 0.23459353
 0.24906239 0.16464509 0.34519592 0.30873564 0.31725731 0.2367447
 0.27508441 0.35027197 0.29302752 0.27710313 0.30137092 0.28371289
 0.20701872 0.31606919 0.29440042 0.30131692 0.29840639 0.26852369
 0.31272554 0.23714913 0.3205812  0.30640292 0.26508626 0.23717971
 0.31454605 0.31310377 0.27280056 0.33075395 0.27432227 0.14839374
 0.25666103 0.27471355 0.25185391 0.29202649 0.26225558 0.29400799
 0.33228734 0.22311896 0.25151265 0.29622227 0.2645219  0.27604339
 0.30351165 0.24013041 0.27734512 0.34941873 0.16944928 0.22697492
 0.3211492  0.27292541 0.29660854 0.30027461 0.25957763 0.28420764
 0.22368839 0.2378943  0.32130963 0.22641295 0.34822774 0.25983936
 0.31581357 0.25968719 0.27094433 0.26412436 0.30422613 0.2933619
 0.24868599 0.3274864  0.25335163 0.17531179 0.28165072 0.23132648
 0.27583605 0.31938785 0.25714681 0.30167198 0.32576224 0.2061722
 0.26077583 0.39789107 0.30860898 0.340633   0.24750009 0.24930122
 0.32182685 0.21516985 0.33977106 0.15524757 0.31535429 0.31076142
 0.25722885 0.28187907 0.2160887  0.31190518 0.23766068 0.2437432
 0.26262954 0.34217048 0.30586722 0.21596433 0.30075651 0.30630565
 0.31052199 0.19240104 0.27761018 0.26479807 0.25198069 0.2549656
 0.2664935  0.27767274 0.19255033 0.19544768 0.32011071 0.18617299
 0.30772471 0.29544821 0.25467652 0.31630743 0.27593437 0.23075345
 0.23473135 0.33441833 0.28663149 0.21341106 0.25374714 0.29034868
 0.25371349 0.31449255 0.31692928 0.25708827 0.28963989 0.35626122
 0.3143487  0.36316159 0.30588284 0.27882978 0.31485441 0.30868012
 0.27804238 0.29321405 0.34346378 0.29183644 0.29887694 0.33306527
 0.35939202 0.28030431 0.24182706 0.18560866 0.34612718 0.36435971
 0.20616855 0.25204447 0.33923239 0.29589847 0.26490918 0.24877688
 0.29409075 0.24818626 0.2809999  0.27549028 0.30609122 0.30034223
 0.24605432 0.27206624 0.18037149 0.24226339 0.1668278  0.2442795
 0.29859737 0.16924652 0.25864419 0.238699   0.21122555 0.30884978
 0.2632238  0.25285381 0.24273759 0.31116587 0.30376029 0.26062649
 0.27168959 0.26600689 0.23414858 0.29791531 0.28049871 0.31731713
 0.22359264 0.29206416 0.27826136 0.21375574 0.24500586 0.29624492
 0.23679116 0.30249292 0.2319798  0.22350872 0.28695738 0.31229833
 0.27820718 0.26770473 0.24103118 0.27464694 0.26668811 0.31713954
 0.28716516 0.23051549 0.33419949 0.29834631 0.24270307 0.30687359
 0.25546485 0.30590886 0.23077087 0.16398731 0.22423357 0.26478505
 0.26968411 0.29996049 0.24506433 0.19758455 0.23645079 0.29245397
 0.28942525 0.24751835 0.26690382 0.26352295 0.25155097 0.35169691
 0.26824    0.22961006 0.2959244  0.27750432 0.32041535 0.20378664
 0.27559093 0.254612   0.28337449 0.23276894 0.26156855 0.28695619
 0.28312021 0.22621931 0.29478329 0.2411063  0.18562883 0.27245289
 0.2372245  0.30519116 0.22006035 0.21157378 0.27372637 0.25450689
 0.2460732  0.24482408 0.22101785 0.20663346 0.24114344 0.29642129
 0.25095561 0.32337624 0.20138866 0.23875846 0.20832837 0.23533455
 0.17260371 0.23919149 0.20589627 0.24913497 0.2144378  0.25417769
 0.28690279 0.33372942 0.22995283 0.23690556 0.23747653 0.18851101
 0.2154983  0.24103451 0.26068455 0.30448821 0.30802393 0.28984958
 0.29589993 0.24338768 0.28928754 0.31907257 0.27021509 0.2818715
 0.23456895 0.30918816 0.34525239 0.26955146 0.33552891 0.27647111
 0.20951828 0.26615894 0.14489926 0.25273108 0.22059616 0.22307689
 0.19587643 0.27948952 0.28931385 0.32356349 0.28799936 0.23507507
 0.22225615 0.2867915  0.26618665 0.30003968 0.39298427 0.23328426
 0.30709741 0.36539787 0.28428951 0.35814115 0.14358108 0.25760984
 0.35719004 0.29437214 0.33494443 0.23548442 0.31437632 0.31925058
 0.34273952 0.20953655 0.27443418 0.34746739 0.20137654 0.30815789
 0.29712889 0.28141007 0.20442364 0.30568036 0.31218529 0.30928361
 0.30082974 0.30265886 0.17350025 0.21059527 0.3112886  0.31915209
 0.25014383 0.22723567 0.29358366 0.27477741 0.32281783 0.29006043
 0.33706903 0.32302985 0.27468222 0.28939325 0.21075599 0.234304
 0.31666222 0.34668711 0.23856717 0.19628817 0.27150214 0.19268934
 0.18646634 0.37845662 0.15247849 0.21351476 0.16036806 0.23419595
 0.21112779 0.2076934  0.2190102  0.27645797 0.26234025 0.27364585
 0.22198819 0.20479274 0.24551207 0.21472982 0.32942379 0.22451648
 0.30214643 0.27927944 0.31031415 0.28690463 0.34604427 0.26468214
 0.25603342 0.33171681 0.32301646 0.36011806 0.29335508 0.26466569
 0.32114351 0.19136773 0.32225034 0.3029308  0.22949153 0.20482051
 0.29190913 0.25854346 0.29252431 0.26853159 0.28068361 0.21856931
 0.2683804  0.30394518 0.20218241 0.25554901 0.34249851 0.16005875
 0.29685441 0.22276606 0.23701562 0.19481295 0.28559449 0.21106027
 0.28654444 0.24853116 0.27962098 0.16732523 0.22702883 0.18605606
 0.2436474  0.30953178 0.18007709 0.28603759 0.25142276 0.21121782
 0.23415959 0.25531894 0.30261382 0.21053541 0.22262937 0.29201722
 0.33768463 0.25154987 0.25801709 0.23194115 0.23974419 0.28438094
 0.29273045 0.26004589 0.30916691 0.21086603 0.29381233 0.3098405
 0.25868681 0.29686442 0.29424974 0.23867428 0.31884027 0.26639137
 0.24167651 0.29974681 0.31791219 0.3240419  0.22792108 0.29926008
 0.35257    0.28206682 0.29240137 0.31060705 0.25224206 0.27741233
 0.31557634 0.31580436 0.31287318 0.2604132  0.27374652 0.2875357
 0.29060376 0.27331176 0.2517345  0.29644012 0.28848517 0.20649743
 0.31317559 0.32169524 0.28315037 0.24388385 0.19844833 0.33088213
 0.2871798  0.31798387 0.26943457 0.30726004 0.29827267 0.28183204
 0.2631036  0.33926329 0.27836651 0.29849964 0.34173471 0.23207505
 0.33766082 0.31140369 0.33559954 0.21712615 0.27474937 0.1953541
 0.27046648 0.27033064 0.25931001 0.2433446  0.31985074 0.28848651
 0.18507072 0.24067645 0.29417169 0.32924384 0.28277239 0.30375856
 0.22072081 0.21848826 0.30194181 0.2683109  0.213687   0.32579386
 0.32682988 0.28452572 0.19806431 0.2987884  0.22819299 0.31090063
 0.21793817 0.18700993 0.25718662 0.26034662 0.22859406 0.27700764
 0.26592728 0.26651314 0.24291307 0.34881467 0.23083651 0.24108398
 0.27204978 0.21662225 0.24556148 0.22755788 0.24404398 0.21726309
 0.1717875  0.25204954 0.32779694 0.24116497 0.28800735 0.22958502
 0.3130464  0.16078484 0.19891302 0.24478886 0.14059594 0.2201651
 0.24558616 0.26125118 0.25894144 0.27822658 0.30598217 0.33014235
 0.2056582  0.30721986 0.35336515 0.32850748 0.29403767 0.26563048
 0.36322373 0.29539937 0.2302575  0.31870496 0.29740992 0.28885025
 0.34943449 0.36313677 0.22347596 0.23317736 0.34059587 0.34106994
 0.26052576 0.31867653 0.29835349 0.17714903 0.35845804 0.31636932
 0.30192107 0.26920775 0.20689826 0.27321723 0.32238147 0.35672992
 0.33125296 0.28275397 0.30504006 0.35989943 0.19095077 0.31338161
 0.32180879 0.31091994 0.2416589  0.20997569 0.26529348 0.27863568
 0.24522579 0.24523027 0.21368013 0.22498874 0.29824814 0.33274496
 0.29437989 0.33160302 0.23874293 0.22707242 0.26608777 0.27439895
 0.27591437 0.26737592 0.316291   0.24661537 0.33495346 0.32139808
 0.345009   0.23945041 0.3482461  0.21931663 0.25370377 0.27111408
 0.22326897 0.29391909 0.34366241 0.2973187  0.33232272 0.28293619
 0.21485128 0.32666701 0.34621012 0.3175624  0.32704964 0.28698018
 0.32439813 0.20721264 0.2656419  0.27124837 0.31102896 0.24292125
 0.26811218 0.27090901 0.20766161 0.26567027 0.27228156 0.30533814
 0.24752498 0.30257788 0.21439023 0.2776697  0.26326159 0.25870213
 0.214644   0.28261456 0.30049208 0.18403104 0.27543512 0.27031875
 0.31116331 0.35520673 0.30620599 0.19431134 0.19057924 0.24396297
 0.22003816 0.25822464 0.27259493 0.29870465 0.29345638 0.19694524
 0.15781535 0.24263255 0.32181445 0.18893631 0.24933109 0.188986
 0.30168766 0.24319454 0.27029881 0.21009164 0.25960487 0.32510036
 0.19405536 0.21086247 0.30243665 0.33256641 0.27865627 0.22321382
 0.22314866 0.26915932 0.29844412 0.2514869  0.30352452 0.26193285
 0.32909918 0.31644088 0.2803987  0.30004415 0.30340114 0.3161374
 0.24211682 0.29541913 0.30548227 0.19472885 0.27064627 0.31606582
 0.20685963 0.20145498 0.34059727 0.29700619 0.35957935 0.27454728
 0.25548348 0.31054965 0.26999736 0.22160627 0.24808341 0.27286503
 0.28000796 0.34146881 0.2190499  0.32796845 0.22694348 0.23616397
 0.2511518  0.26638842 0.2662003  0.25818467 0.22510855 0.23723924
 0.27833533 0.24109079 0.25023401 0.21270733 0.26389855 0.22794649
 0.30521637 0.22474849 0.23188923 0.26435617 0.28300551 0.24790402
 0.2243847  0.29665282 0.15222304 0.30965763 0.27041307 0.26668635
 0.15090121 0.25031614 0.29201442 0.28836247 0.25459656 0.19496134
 0.15951934 0.16341017 0.24483401 0.33107352 0.33210966 0.25302476
 0.30358675 0.31349918 0.33496988 0.32007879 0.33768675 0.30460525
 0.25789621 0.22350354 0.27370563 0.21104684 0.14403489 0.28865188
 0.20896888 0.26723129 0.21712066 0.21372208 0.29262832 0.24245426
 0.36283633 0.27301073 0.17079085 0.22688432 0.2544212  0.19032662
 0.26138353 0.21541527 0.23516694 0.23726588 0.21108824 0.25471351
 0.22233027 0.1838278  0.17608561 0.26211056 0.25634292 0.20902719
 0.30334732 0.30608806 0.32719842 0.24877191 0.20989145 0.2721363
 0.31962004 0.22936587 0.26559132 0.27606738 0.32782233 0.27920011
 0.2684162  0.27854225 0.28587535 0.24025212 0.29359719 0.21811785
 0.31495097 0.28400221 0.32437181 0.29434222 0.32788038 0.24225846
 0.22483592 0.3182213  0.18892866 0.24313958 0.24582526 0.14524128
 0.23378251 0.27015164 0.29857239 0.28330436 0.31219137 0.29227054
 0.27369639 0.23114909 0.29669651 0.18626735 0.31454211 0.22042015
 0.30853516 0.2117935  0.23535189 0.29196957 0.22770448 0.21852918
 0.21460037 0.17772414 0.33334568 0.30436105 0.18842852 0.2278178
 0.24011301 0.18693881 0.16387673 0.28975704 0.30469432 0.18744156
 0.29294267 0.2414877  0.25400692 0.28409132 0.33851117 0.26862121
 0.27778897 0.30095547 0.28548422 0.23279703 0.16592789 0.26077446
 0.20119184 0.2372034  0.23385048 0.23075761 0.21533519 0.26085323
 0.23731469 0.27805403 0.2875357  0.18158495 0.2414405  0.2380451
 0.27772039 0.26019222 0.29988462 0.32218927 0.2221785  0.32626531
 0.22401455 0.34161046 0.28331023 0.26856929 0.21237719 0.32280049
 0.28734061 0.31164911 0.31343171 0.2151245  0.35187018 0.2259749
 0.26920915 0.21271363 0.25012833 0.24094124 0.27532414 0.27016979
 0.2545121  0.24174383 0.24128665 0.2253179  0.20218748 0.28000864
 0.30345696 0.19597042 0.24700303 0.24703021 0.24116601 0.23659268
 0.2677373  0.18632379 0.33784983 0.25740543 0.32557216 0.30647829
 0.22539474 0.24023449 0.23581555 0.33889017 0.22717845 0.33615956
 0.29968563 0.19541632 0.2854684  0.34655559 0.20499755 0.28746065
 0.25021201 0.26976672 0.27232185 0.269142   0.17461158 0.28749546
 0.21547438 0.31094083 0.28518701 0.32432121 0.31756195 0.29530054
 0.20442586 0.2679829  0.28076902 0.218189   0.26012883 0.22398764
 0.26733026 0.29556325 0.31799692 0.29878423 0.23919125 0.30472347
 0.32513356 0.24481256 0.29285371 0.3169024  0.22828017 0.29877338
 0.2966688  0.25180411 0.2334411  0.27575535 0.21959227 0.21947061
 0.16850732 0.25389439 0.25517648 0.31386179 0.26299348 0.29390123
 0.23279068 0.31848237 0.23996972 0.27072847 0.2639963  0.19786257
 0.19861436 0.26228631 0.21087082 0.2600536  0.2493176  0.31976292
 0.18749417 0.29768535 0.28935191 0.23636004 0.26392114 0.26285639
 0.31330252 0.27158469 0.29926121 0.20235641 0.30807135 0.27295232
 0.22882698 0.29523098 0.29842183 0.27186155 0.24994871 0.18217912
 0.17782503 0.26378185 0.26451254 0.29616067 0.31065252 0.3005611
 0.23372559 0.27226028 0.29857615 0.22931033 0.32446417 0.31656978
 0.22454631 0.15454818 0.26125059 0.26057717 0.29623675 0.24859001
 0.19975121 0.17320046 0.28056848 0.30304989 0.27979952 0.28978199
 0.24638234 0.29194894 0.2606135  0.26154718 0.25531998 0.25515038
 0.30866385 0.21844828 0.28474808 0.25743738 0.17367089 0.22856858
 0.29781485 0.29152438 0.20862892 0.27881199 0.319538   0.23059765
 0.32980347 0.28260687 0.26766875 0.28115332 0.25475696 0.28291178
 0.22417505 0.32787043 0.23240642 0.30973855 0.29858172 0.28564805
 0.24396427 0.2369639  0.17589599 0.32036364 0.29635254 0.285698
 0.25203347 0.2540057  0.2249701  0.24702333 0.30331716 0.25268766
 0.29524964 0.31632981 0.2384619  0.25743115 0.27508864 0.22444692
 0.22031176 0.21893354 0.31091297 0.26182234 0.26910537 0.25846413
 0.31736287 0.27210456 0.28132066 0.26333356 0.14213973 0.24152751
 0.24304277 0.2153592  0.28784347 0.24067454 0.1929644  0.22947055
 0.26957947 0.25682643 0.28760508 0.17425513 0.20731685 0.22443385
 0.31228629 0.33749729 0.27961421 0.30211917 0.2193851  0.39030612
 0.31306055 0.27431241 0.26965439 0.22974376 0.24648391 0.30910215
 0.28136697 0.24355718 0.27142933 0.21821828 0.25372434 0.23152585
 0.2611362  0.29378626 0.36177987 0.23474658 0.16744696 0.24023807
 0.25437    0.25915274 0.26378363 0.31063089 0.20432974 0.2969746
 0.26444784 0.2429789  0.23908195 0.28105274 0.31938329 0.25751823
 0.2909902  0.28490576 0.26691985 0.26879919 0.32609475 0.27172613
 0.27730826 0.25653803 0.27207497 0.23773783 0.25912949 0.18337652
 0.22109157 0.26738557 0.32133725 0.17085782 0.19072101 0.20327872
 0.22497594 0.26441815 0.20735955 0.26365405 0.2511628  0.32957956
 0.25332361 0.22823186 0.2894676  0.21243279 0.25842455 0.26911587
 0.32058886 0.26101619 0.27235675 0.31979442 0.29374063 0.20557664
 0.28555149 0.26215339 0.19116867 0.26912597 0.24426024 0.22744806
 0.23347399 0.31379443 0.3077175  0.23116957 0.27022326 0.17306101
 0.30647424 0.34361809 0.26779503 0.24819075 0.29271212 0.23690705
 0.17830658 0.29660019 0.26093861 0.37079442 0.25178021 0.34115297
 0.25026593 0.31394833 0.25749815 0.13957025 0.32650721 0.30653918
 0.30382371 0.32500073 0.19778225 0.2572104  0.23527698 0.29001194
 0.30638754 0.29392228 0.25688618 0.28766802 0.24251577 0.34964108
 0.25519907 0.26559389 0.24260578 0.34336182 0.24614085 0.31783664
 0.30307761 0.30997616 0.28192222 0.30706611 0.11116929 0.2765159
 0.26641503 0.2884644  0.27494296 0.28003702 0.26049694 0.29314747
 0.26499963 0.20602457 0.29021367 0.23496425 0.28744337 0.25727969
 0.29375017 0.14214954 0.20489323 0.27583241 0.24025276 0.21701875
 0.19625913 0.23285504 0.24042955 0.28761873 0.30012774 0.24628985
 0.28074339 0.20057805 0.22796902 0.27178913 0.27767363 0.30260479
 0.29322413 0.25585607 0.21395633 0.24538973 0.23771504 0.25211805
 0.2040648  0.21199685 0.23312052 0.26926091 0.21986511 0.2120591
 0.20438246 0.26178819 0.29098299 0.21564609 0.26910642 0.18124744
 0.28195041 0.26401007 0.2872901  0.29999071 0.32425475 0.28291285
 0.29109606 0.27112079 0.34171888 0.2763578  0.26559207 0.29473814
 0.2379346  0.24754374 0.30956811 0.24238913 0.31873628 0.36892498
 0.330668   0.27518347 0.31405732 0.1688457  0.33069736 0.12216686
 0.30738968 0.28807721 0.32098576 0.23267923 0.29939783 0.29638669
 0.3272849  0.28239161 0.28779453 0.25260666 0.29777485 0.28019571
 0.2938413  0.30838963 0.30475029 0.35732815 0.23436892 0.30818111
 0.24349268 0.19455282 0.27261889 0.33545774 0.27825984 0.23603751
 0.26847696 0.30908963 0.27678055 0.29131815 0.26886371 0.23798434
 0.24072649 0.23649235 0.22840405 0.22934318 0.28118709 0.18171458
 0.2094413  0.31509793 0.31867608 0.13957228 0.246628   0.21888795
 0.17862967 0.28539392 0.17427881 0.27661222 0.30114174 0.22941655
 0.20670465 0.25497997 0.18852094 0.22366339 0.14080383 0.1230308
 0.25493181 0.3298012  0.18794328 0.21295421 0.20820743 0.32091647
 0.27811611 0.35252202 0.25126281 0.30808902 0.28072554 0.36413699
 0.29027981 0.34833407 0.26929414 0.35069305 0.20542896 0.27961481
 0.18990929 0.35777679 0.25553626 0.23775515 0.24375524 0.29818702
 0.29822612 0.30762625 0.22565296 0.26957273 0.28788075 0.33680418
 0.31910399 0.1734805  0.28088635 0.30414325 0.22706623 0.23561311
 0.28572917 0.23762275 0.3281244  0.28403601 0.32438213 0.26922309
 0.23742907 0.29818106 0.27317801 0.30821866 0.31452981 0.29367891
 0.23555213 0.29333901 0.27496967 0.27085939 0.31766483 0.28927055
 0.28405815 0.27306241 0.21034767 0.31914943 0.32654518 0.20893353
 0.30079502 0.28399748 0.30067274 0.31355926 0.36318806 0.23934329
 0.23272192 0.16298839 0.22069405 0.28874451 0.38824472 0.27978116
 0.23719017 0.30649975 0.30930591 0.31498766 0.28284279 0.32367036
 0.29955885 0.2227276  0.32701173 0.24941048 0.31327683 0.28830886
 0.22724257 0.22738425 0.28206766 0.21913622 0.18351223 0.26760912
 0.25388592 0.25077143 0.24354999 0.31968614 0.36631837 0.2921271
 0.29938379 0.30071014 0.35940614 0.32056758 0.25424001 0.31070739
 0.34388265 0.29031774 0.16669014 0.28494018 0.23065841 0.33074504
 0.30001155 0.27073368 0.29582682 0.25146013 0.31344685 0.333152
 0.35273513 0.269214   0.32001951 0.287898   0.29295614 0.27064955
 0.24995625 0.31671464 0.33460388 0.29450881 0.27681643 0.20759797
 0.31515294 0.30056059 0.27553087 0.27008104 0.28867701 0.34195825
 0.29449478 0.30242929 0.20457864 0.2653515  0.24053836 0.28632963
 0.30633581 0.2961365  0.33076206 0.24111813 0.24881317 0.28397107
 0.29460835 0.36720768 0.29818442 0.27663127 0.23857309 0.21758838
 0.28328562 0.29282343 0.26840654 0.3127712  0.22892477 0.27685982
 0.16952635 0.27645862 0.26431221 0.293816   0.19743298 0.3253454
 0.20192885 0.29860523 0.25451598 0.27326965 0.33788553 0.09156825
 0.18959427 0.33752421 0.22840644 0.33414423 0.31417894 0.19378237
 0.25019938 0.24985263 0.25550246 0.19100353 0.20342395 0.28841433
 0.18032838 0.29363784 0.20149818 0.24720758 0.16272143 0.18422154
 0.26719919 0.2150186  0.29585266 0.23209608 0.30149674 0.27319336
 0.26132444 0.31149313 0.34389955 0.23683992 0.21583608 0.29652771
 0.30057666 0.30707553 0.32716703 0.25100583 0.26513234 0.27370965
 0.34173673 0.3116053  0.25483474 0.22537734 0.25457662 0.31841674
 0.28402549 0.29692999 0.30802286 0.21833076 0.25158918 0.30328369
 0.28959867 0.29926062 0.32449868 0.20351882 0.25836864 0.29265341
 0.29959321 0.3078528  0.28971186 0.286632   0.30882478 0.25364536
 0.23167723 0.27470818 0.28685904 0.33109975 0.25727591 0.24671994
 0.33284721 0.2099233  0.25312057 0.18342191 0.31224433 0.27762109
 0.28793314 0.24903291 0.22714315 0.21321639 0.29923156 0.32934999
 0.25940147 0.29097521 0.28494141 0.1751201  0.25915849 0.26046526
 0.22600384 0.33180818 0.23324585 0.28058779 0.23739116 0.19230053
 0.24469566 0.34244478 0.26472563 0.35236838 0.25423384 0.30437091
 0.16516857 0.31425384 0.33388394 0.29852077 0.29169074 0.27672276
 0.28150636 0.18698654 0.26520768 0.33003414 0.30950549 0.26982394
 0.30958983 0.25819916 0.23119144 0.27438009 0.26912269 0.31639403
 0.35143545 0.26614383 0.29262233 0.26536843 0.26847586 0.33548129
 0.3082017  0.35549194 0.28948781 0.25081122 0.32061172 0.23417912
 0.31347311 0.16151011 0.28769502 0.28145483 0.30619445 0.21668506
 0.30263174 0.2667954  0.27258581 0.30676159 0.25198665 0.26151812
 0.24539812 0.26127088 0.28766039 0.27228513 0.3343266  0.31700379
 0.33047119 0.2395234  0.22829814 0.22612786 0.27536824 0.24303126
 0.27651134 0.25931326 0.2676349  0.35847604 0.1892615  0.28650606
 0.26284218 0.17619476 0.304616   0.24699745 0.23302665 0.23564766
 0.19762838 0.32330644 0.30081257 0.14210671 0.25934285 0.23105305
 0.32028398 0.27826887 0.33023375 0.26130748 0.28228685 0.23518823
 0.21879551 0.26828161 0.33608344 0.2285209  0.25067148 0.22776724
 0.26134476 0.25671998 0.28655791 0.29760337 0.16466849 0.17499745
 0.26820761 0.27282426 0.25414532 0.20695445 0.27460888 0.25833082
 0.20862384 0.32501128 0.25787657 0.25753069 0.23757765 0.29308119
 0.25982091 0.28580457 0.26069897 0.27539369 0.23664963 0.32760215
 0.2261979  0.24525672 0.28035283 0.32709023 0.2131881  0.27324653
 0.26327282 0.34625447 0.26599237 0.29252604 0.24855874 0.30086577
 0.22602361 0.23727888 0.18638991 0.26388133 0.30003607 0.26481107
 0.18499088 0.30628484 0.21616286 0.31327194 0.23790278 0.2678614
 0.26449895 0.32869747 0.25976571 0.25371566 0.3498227  0.34126025
 0.21207179 0.32909012 0.27361226 0.23249151 0.23226999 0.25429267
 0.28769228 0.28349209 0.25692636 0.22528794 0.23741391 0.25271696
 0.12878795 0.23516418 0.29147846 0.25568914 0.26440871 0.22437227
 0.31870753 0.30132237 0.27426952 0.1890448  0.26108745 0.24748212
 0.15116191 0.24120101 0.28287974 0.2979205  0.21535367 0.25761846
 0.27117428 0.18144926 0.24675676 0.26870877 0.3385264  0.28539076
 0.29140946 0.3017267  0.28884441 0.2491267  0.30734658 0.28042528
 0.26698256 0.22849968 0.21059196 0.24223997 0.32487133 0.34918603
 0.21145344 0.15146354 0.31613329 0.20441727 0.260739   0.26618269
 0.20309281 0.26642096 0.33672202 0.24763189 0.24340266 0.26049489
 0.24885395 0.33101079 0.23527692 0.27562323 0.28218699 0.23145548
 0.29478434 0.25280359 0.23095933 0.24235028 0.26506892 0.26639408
 0.28775561 0.24529418 0.29516894 0.25004694 0.18292746 0.21755245
 0.26484028 0.23286621 0.18154055 0.26801023 0.29653093 0.29254675
 0.37901944 0.3082934  0.28931266 0.32835889 0.28297943 0.28762165
 0.25144419 0.2922771  0.18621752 0.34357151 0.27471936 0.22852099
 0.26801181 0.24704023 0.26571438 0.20322336 0.26854917 0.26429808
 0.22199985 0.30960011 0.19891775 0.22821066 0.1576205  0.19832797
 0.2950004  0.18823428 0.24762054 0.20851131 0.25092012 0.25400516
 0.30680677 0.26648203 0.30698508 0.28319597 0.26283735 0.28492957
 0.25933287 0.2421748  0.28465596 0.25757945 0.29194739 0.22646452
 0.27270684 0.19272234 0.25443324 0.2677604  0.20702662 0.27614555
 0.18646085 0.26754013 0.23256777 0.42528841 0.26571327 0.18761382
 0.28932798 0.35375404 0.21861742 0.25056565 0.2133137  0.18489394
 0.30512109 0.27940601 0.2217613  0.24798208 0.24824128 0.18300781
 0.23310377 0.24631438 0.21635833 0.20413856 0.30152571 0.18121673
 0.25041759 0.29485863 0.26518551 0.27456641 0.32487586 0.30078515
 0.31872523 0.22620443 0.12675841 0.24568273 0.29866508 0.25675008
 0.2736668  0.26938313 0.2524375  0.24753895 0.21726334 0.30598611
 0.25916001 0.26402333 0.26641044 0.27137002 0.20777389 0.22634125
 0.15317127 0.14793873 0.27151415 0.14534312 0.25124159 0.15488586
 0.32354414 0.23609048 0.25531846 0.32575473 0.31391957 0.2567609
 0.30733156 0.26709062 0.28393662 0.28797752 0.17573823 0.24079996
 0.26680675 0.23359236 0.29570729 0.32395864 0.17687914 0.28444934
 0.29875153 0.29300115 0.24774848 0.305994   0.29300719 0.28724211
 0.25158337 0.25998595 0.27720907 0.27500853 0.26166499 0.23269124
 0.19741338 0.2480552  0.24662445 0.20551394 0.20892569 0.22104275
 0.24241085 0.29883146 0.22522645 0.27694699 0.24858475 0.26641467
 0.30364287 0.22693934 0.26505977 0.30898032 0.24216722 0.25028008
 0.2866939  0.25966007 0.34522477 0.26740015 0.27231357 0.28800294
 0.34854147 0.21517983 0.25696433 0.23261066 0.23547122 0.31296498
 0.17858279 0.2610577  0.23333149 0.26415819 0.25699517 0.24647355
 0.32172799 0.31198338 0.31610239 0.19743355 0.30342162 0.17879058
 0.28273648 0.35590541 0.23414339 0.27864441 0.35936204 0.32085273
 0.26118699 0.15141663 0.23007379 0.11850102 0.27687794 0.2764374
 0.27127305 0.33488417 0.35862303 0.25852406 0.27824593 0.31878111
 0.26301527 0.30324176 0.28938162 0.23461518 0.26176041 0.23469326
 0.28390476 0.31975323 0.31513217 0.23616636 0.28707969 0.22088857
 0.2305951  0.20752034 0.23162878 0.31027964 0.27587205 0.18801822
 0.29914662 0.19628173 0.26811537 0.2160265  0.2339084  0.29080734
 0.22769216 0.14330369 0.25996408 0.19366679 0.25777274 0.29707205
 0.25252384 0.20832056 0.32982662 0.29267991 0.21646708 0.22302164
 0.23332188 0.25511283 0.21925066 0.27798802 0.26615202 0.25008434
 0.32171643 0.23118977 0.22972313 0.27025428 0.28713554 0.27217281
 0.31165221 0.16907436 0.2711049  0.25459886 0.23249766 0.25503358
 0.25249428 0.26342005 0.34331834 0.24964111 0.29303277 0.35089383
 0.33109444 0.17887355 0.29995224 0.23290172 0.25754696 0.28074285
 0.2424849  0.30114108 0.30496624 0.2230496  0.29392278 0.21654549
 0.32114741 0.2754339  0.26232851 0.22245011 0.24290295 0.22007114
 0.31912348 0.31705713 0.27431256 0.32216355 0.26731628 0.23701851
 0.27455509 0.27459633 0.31216601 0.16950959 0.27335611 0.30922386
 0.25431356 0.20364776 0.20285669 0.2008215  0.35376701 0.21843006
 0.32877997 0.25536078 0.22710636 0.22198728 0.26601556 0.17931326
 0.30521911 0.21513386 0.22359221 0.15949975 0.29029879 0.21455096
 0.2548241  0.19493741 0.27265689 0.25999206 0.26715136 0.29584616
 0.2798605  0.27997166 0.31202713 0.29464388 0.27288961 0.18019961
 0.24814619 0.28939345 0.22286601 0.22190487 0.2847524  0.24072653
 0.25906348 0.25227758 0.24087976 0.27528882 0.20767382 0.27183294
 0.24474089 0.20296109 0.30756959 0.23716825 0.30288661 0.27302176
 0.27101031 0.29024157 0.26434532 0.28076163 0.20976678 0.30368605
 0.26090413 0.2656095  0.21886922 0.24482274 0.31901506 0.25550574
 0.27622625 0.29470301 0.22080134 0.26619363 0.29070637 0.21479592
 0.21212411 0.30888084 0.21249376 0.33367768 0.2105832  0.31087652
 0.25043994 0.29625192 0.2311877  0.21645662 0.24132526 0.25352418
 0.29858249 0.25806707 0.25987121 0.2477566  0.26136816 0.27710995
 0.32196957 0.2579757  0.21681066 0.31070548 0.29808646 0.2470614
 0.24125613 0.21308583 0.2442973  0.19960749 0.25426993 0.20821622
 0.26051867 0.21962649 0.22801894 0.19122717 0.22076583 0.27357167
 0.31894955 0.22953804 0.30895832 0.22255382 0.19039881 0.18982348
 0.27817497 0.24667585 0.20726165 0.19691265 0.30024898 0.29033601
 0.30172601 0.29983386 0.35619697 0.33717757 0.26025146 0.32169732
 0.31846038 0.29382366 0.26488134 0.35981166 0.32128397 0.23185273
 0.22557317 0.25163966 0.28925771 0.20379588 0.30786046 0.29464644
 0.24113168 0.26594973 0.20231558 0.20675714 0.26138318 0.29038617
 0.22020094 0.29722524 0.32765296 0.24335448 0.33451095 0.33227959
 0.29166582 0.1971305  0.30173978 0.30741286 0.29066136 0.31589353
 0.28198928 0.3081257  0.28457355 0.28557703 0.31811342 0.26601496
 0.28209826 0.19469282 0.20586467 0.25111568 0.21478601 0.21265337
 0.22768274 0.19841748 0.13796432 0.26340839 0.27794871 0.30504325
 0.31107154 0.26399186 0.35325733 0.27237359 0.32175049 0.28580877
 0.30259654 0.32507598 0.21488659 0.30734971 0.27197179 0.24337944
 0.2342736  0.29383433 0.25519177 0.27774721 0.2089168  0.32099301
 0.24203141 0.29182395 0.28226984 0.26102507 0.18748339 0.27209491
 0.25620744 0.25669813 0.273      0.25051087 0.23476849 0.2755205
 0.28449568 0.19661058 0.29788026 0.20167218 0.26976967 0.31017402
 0.25815463 0.2565943  0.29931352 0.28237396 0.20969084 0.33119434
 0.27796605 0.14756796 0.25358069 0.27712807 0.23631583 0.24014212
 0.26705655 0.23844326 0.31397223 0.22518252 0.266949   0.16635086
 0.19951022 0.22070222 0.23769455 0.31268018 0.33103904 0.28470442
 0.2574603  0.20690933 0.32245111 0.28643745 0.29252696 0.26689276
 0.23074944 0.30045015 0.17210719 0.26570177 0.22511214 0.23872459
 0.29408813 0.3063769  0.23273246 0.38364199 0.1817902  0.22994937
 0.22038268 0.27821898 0.26646718 0.24075529 0.26560527 0.21468525
 0.3321453  0.22525401 0.29039735 0.27205127 0.25064942 0.26742938
 0.27109593 0.24749234 0.29388678 0.25578678 0.25391716 0.23000534
 0.29119658 0.33452222 0.20407163 0.26064959 0.27794245 0.21511351
 0.2014562  0.32119808 0.29256037 0.29676938 0.2835401  0.28324139
 0.24172366 0.18552762 0.30649823 0.26832023 0.33068696 0.3265292
 0.30552489 0.26657107 0.2808398  0.19496642 0.20484906 0.23387362
 0.3257513  0.25213581 0.26186967 0.2547856  0.34212515 0.26397395
 0.23579773 0.29253888 0.2134753  0.22397259 0.37450972 0.38922954
 0.21504135 0.33083406 0.29044652 0.36924183 0.24804571 0.32442218
 0.32437599 0.29003686 0.25365388 0.39366725 0.22360133 0.24533041
 0.25157347 0.25394312 0.32296771 0.27484974 0.20364976 0.21166384
 0.24278805 0.21256964 0.29283077 0.28765631 0.28040451 0.32078829
 0.32548252 0.2729491  0.23192176 0.25429425 0.28386927 0.25423849
 0.32221067 0.27236569 0.16000487 0.2539548  0.30232936 0.22638586
 0.218945   0.22845395 0.23488948 0.28660947 0.25478876 0.30984437
 0.31944615 0.18142635 0.19905439 0.15259202 0.31012937 0.27372736
 0.22945037 0.27663547 0.30793658 0.26194301 0.25650001 0.19214022
 0.23049627 0.18962646 0.27026638 0.3210623  0.24204198 0.32545894
 0.21968237 0.25776544 0.26599711 0.25212631 0.22985852 0.24617133
 0.23578517 0.21739234 0.30894306 0.28838205 0.19731039 0.20516074
 0.17110988 0.22475056 0.22440258 0.19518332 0.24995357 0.2989139
 0.27998546 0.34960064 0.31119406 0.31574875 0.27856678 0.2226169
 0.24957369 0.28215477 0.26629636 0.33621594 0.2681922  0.31079781
 0.28673372 0.29914159 0.24772656 0.26926532 0.29603916 0.21052788
 0.26254198 0.24045828 0.3042382  0.25848398 0.23763019 0.27049723
 0.32646036 0.29233167 0.25736618 0.31054801 0.26181865 0.28234899
 0.33254305 0.23880067 0.2235921  0.25536788 0.2349678  0.25687063
 0.31049469 0.25405017 0.26155627 0.28071648 0.2911334  0.25868863
 0.26507491 0.1767507  0.2798062  0.33380687 0.32260141 0.32895109
 0.34145761 0.26509905 0.31667459 0.29703659 0.30901143 0.30449185
 0.34005725 0.28762332 0.29688033 0.32450762 0.25799838 0.24467835
 0.33236375 0.26188549 0.26348191 0.31046081 0.22121511 0.34269723
 0.26997149 0.36345416 0.32520449 0.27858803 0.31068322 0.27138424
 0.28566498 0.30009806 0.31029865 0.29271683 0.3544904  0.31805423
 0.18477397 0.35997826 0.25503746 0.28269383 0.19853787 0.33990359
 0.31646889 0.24050035 0.31016245 0.30694386 0.2982018  0.25769767
 0.22363518 0.31240666 0.30471021 0.24107507 0.28973079 0.31378201
 0.30573812 0.32493663 0.31096074 0.24171996 0.28458485 0.29016054
 0.23314402 0.18585315 0.33792436 0.2567769  0.22798072 0.26021445
 0.23102175 0.28784883 0.32543772 0.30540216 0.34118426 0.30046988
 0.30762461 0.27481145 0.34207889 0.20372817 0.32782313 0.28987005
 0.28914982 0.27916914 0.28557485 0.28795829 0.30260164 0.27785063
 0.24929331 0.26481342 0.24291015 0.31939706 0.21241654 0.28387645
 0.31966618 0.28067479 0.26212034 0.23711127 0.34086919 0.23190835
 0.24087854 0.22054607 0.2187209  0.16672991 0.24286224 0.25398403
 0.25016284 0.26462737 0.28097045 0.22324838 0.24127863 0.27122611
 0.21724248 0.26514655 0.28891176 0.25826165 0.2557632  0.20059535
 0.24727853 0.20920177 0.27020288 0.2199232  0.31029952 0.2639015
 0.21906592 0.21786678 0.25006592 0.23509327 0.3120465  0.25924212
 0.26781249 0.35204083 0.21289653 0.21142344 0.2699827  0.32585084
 0.17414607 0.19607976 0.29336539 0.29809389 0.28967094 0.26557344
 0.17832515 0.31300026 0.35725781 0.3179937  0.23846994 0.29353204
 0.2606805  0.23874302 0.32194197 0.27606845 0.2748372  0.31039509
 0.22396766 0.24250416 0.20792529 0.27077562 0.29583234 0.22799917
 0.19465554 0.25170979 0.32181796 0.23709634 0.26847592 0.36113349
 0.21032405 0.26312357 0.17414019 0.21996868 0.24062596 0.26553753
 0.224888   0.27201727 0.26096278 0.23568128 0.24161817 0.31326872
 0.19814241 0.21735515 0.28507441 0.23128022 0.23338936 0.21435635
 0.21113454 0.23044929 0.3030549  0.2870771  0.27292949 0.21372744
 0.2217167  0.23597527 0.18621396 0.29364714 0.3048014  0.25433722
 0.18065815 0.22860979 0.28191194 0.2616913  0.20504099 0.2965413
 0.21481463 0.30876926 0.26031518 0.16949666 0.28834766 0.23191816
 0.2582207  0.2104774  0.21112096 0.27913234 0.26242775 0.24436228
 0.30234066 0.27450308 0.30221191 0.25517377 0.21091606 0.30297092
 0.27289712 0.24619755 0.32453546 0.25210676 0.26162773 0.21073832
 0.23845772 0.24997723 0.22487532 0.26272783 0.17944826 0.21006306
 0.24496537 0.13845177 0.21643974 0.24522436 0.29490066 0.2684724
 0.28932732 0.2669898  0.26910189 0.19652997 0.25320318 0.31387952
 0.1937907  0.21151663 0.22649233 0.27444953 0.27822706 0.27896056
 0.23175228 0.20039032 0.21154454 0.27367389 0.22732595 0.31210443
 0.27912533 0.22115427 0.17224304 0.20011652 0.26932651 0.25592965
 0.28970796 0.31370413 0.28638354 0.21369497 0.30589208 0.30885547
 0.29771757 0.27019027 0.17542484 0.29848528 0.27099887 0.26948392
 0.33728018 0.27088958 0.32390213 0.27119467 0.24674377 0.30116022
 0.19891426 0.30142635 0.26869121 0.21474732 0.24774225 0.21586896
 0.23979716 0.23085107 0.20073198 0.34090197 0.22384126 0.32000723
 0.22000732 0.18462475 0.25191268 0.31247249 0.32396078 0.20900509
 0.232071   0.26797599 0.29632482 0.24537368 0.1762802  0.21307316
 0.23547269 0.29940414 0.22914684 0.21138655 0.16837202 0.28945515
 0.22603892 0.22901885 0.24948958 0.25028896 0.28311861 0.29947877
 0.21262163 0.25656497 0.2209443  0.22620606 0.20371671 0.24925971
 0.27446485 0.23550344 0.27900106 0.32006949 0.14392796 0.26561633
 0.29303262 0.23016879 0.27301189 0.29035845 0.31176823 0.28628981
 0.31713232 0.29649538 0.28433672 0.20404652 0.25921157 0.29826975
 0.28921619 0.304968   0.29525235 0.27733496 0.32773957 0.30027157
 0.27505428 0.33522707 0.25836602 0.28982764 0.28571773 0.31230986
 0.21249239 0.39061472 0.2740297  0.33013666 0.25477731 0.37417346
 0.26812315 0.28170457 0.2780492  0.30364302 0.29642096 0.30215812
 0.27323753 0.31779924 0.22439389 0.32411832 0.30411226 0.30189508
 0.27749166 0.21792348 0.35545716 0.29474008 0.27857006 0.25233477
 0.26245356 0.26221886 0.20848702 0.26792714 0.23069432 0.26743588
 0.25608984 0.21552262 0.30110329 0.27671716 0.25167784 0.23081362
 0.26746008 0.25687942 0.15815534 0.34636295 0.19709241 0.22823536
 0.30942258 0.29744083 0.31906289 0.2911146  0.29280487 0.34716088
 0.24937478 0.19934869 0.27819127 0.30095822 0.17217803 0.28127363
 0.22263679 0.2906408  0.2546303  0.28140852 0.18606053 0.32492328
 0.3016504  0.21586198 0.28647089 0.26931003 0.25773445 0.20570138
 0.21792328 0.18966745 0.19649506 0.31890091 0.18561515 0.23063219
 0.22002405 0.20255376 0.22532035 0.25603101 0.24082915 0.30703738
 0.29857916 0.24533136 0.26371127 0.28798664 0.25356093 0.19638462
 0.30993143 0.15347926 0.18743686 0.32666814 0.32668483 0.24257024
 0.25832137 0.29644379 0.32306221 0.33481956 0.26773515 0.25704357
 0.26278549 0.19863319 0.21224268 0.26674813 0.20649414 0.27320457
 0.34038568 0.20463122 0.30544397 0.35525733 0.31218249 0.32029706
 0.2438108  0.340859   0.29227188 0.23947921 0.27785787 0.28490141
 0.23614523 0.25853565 0.27802795 0.29418305 0.3194209  0.28176028
 0.28659958 0.24011807 0.19153486 0.23204415 0.3129636  0.23631638
 0.25709549 0.19828089 0.2039248  0.16670372 0.17471687 0.24294683
 0.30462104 0.15619047 0.20167261 0.20224965 0.2270156  0.27173367
 0.20561074 0.20438826 0.14050059 0.24314867 0.19166692 0.31152314
 0.2693103  0.2763381  0.29814181 0.30024225 0.25013033 0.17082132
 0.27811879 0.24702407 0.26968738 0.30920905 0.20095655 0.30394042
 0.26952156 0.2195809  0.3530665  0.30436459 0.25998199 0.31087959
 0.30440947 0.31188071 0.31514099 0.27280396 0.27086619 0.27435467
 0.29466084 0.21679547 0.27093521 0.28933561 0.28611943 0.30435437
 0.26391596 0.33142269 0.27220801 0.26527965 0.25763434 0.36465633
 0.2840308  0.23750661 0.29606614 0.24825174 0.27496222 0.35492137
 0.23586573 0.29317912 0.27508256 0.26268083 0.22456396 0.27018675
 0.30433434 0.26278764 0.28307372 0.267268   0.302122   0.23708752
 0.28784209 0.19909473 0.2222674  0.2653684  0.20856214 0.30340362
 0.17523682 0.27757341 0.35326269 0.23272444 0.23565179 0.25714022
 0.25427246 0.32626849 0.27963349 0.21360682 0.18026708 0.28868842
 0.25187477 0.23229428 0.25207594 0.25084618 0.24443774 0.31646618
 0.24046341 0.29437682 0.26351613 0.2173517  0.29091087 0.21166579
 0.27155554 0.28098416 0.26178047 0.25072989 0.24492641 0.29893246
 0.24785745 0.25798222 0.25842085 0.21730991 0.29865801 0.23483485
 0.29848158 0.31717584 0.33194107 0.28754753 0.30990559 0.2819269
 0.27565399 0.25595158 0.23404771 0.25253096 0.13094765 0.28141338
 0.25813925 0.25541258 0.21841609 0.15728694 0.28632262 0.25339556
 0.24891402 0.21684219 0.25076845 0.24102192 0.19813974 0.30477715
 0.27671093 0.24285355 0.24183729 0.26742646 0.21368039 0.16848156
 0.27273446 0.31734717 0.26210013 0.21227089 0.31835517 0.2579948
 0.25230628 0.27681106 0.30817389 0.23857707 0.29213908 0.16000506
 0.30715501 0.20935404 0.19334489 0.24551497 0.21840444 0.24526347
 0.27877086 0.33658552 0.23875713 0.30596992 0.25726473 0.36823174
 0.21621233 0.20709762 0.22225846 0.26862356 0.27266625 0.19981112
 0.30230555 0.31005704 0.28805846 0.27915889 0.23758347 0.27551803
 0.23619796 0.22077982 0.20217292 0.27419791 0.29302084 0.28713915
 0.35768431 0.32515413 0.23669524 0.2519154  0.28320989 0.28849721
 0.26892927 0.2582868  0.24437769 0.27640414 0.21770205 0.24833317
 0.23644124 0.27878937 0.22830448 0.21501891 0.28591588 0.23095843
 0.22453675 0.31372488 0.31803903 0.20390442 0.21866874 0.25750288
 0.28590795 0.36926863 0.2302108  0.24515328 0.150576   0.20150675
 0.3472454  0.22127227 0.22310059 0.20956983 0.30376023 0.35559607
 0.26911739 0.29315463 0.2386781  0.2700389  0.24807626 0.279843
 0.26077372 0.27514941 0.32279125 0.30299467 0.29114461 0.25874862
 0.28065938 0.27068979 0.32171544 0.27727097 0.38043857 0.28261429
 0.2960977  0.29593369 0.28986305 0.35087252 0.3229003  0.29572502
 0.25442514 0.27909365 0.27092466 0.26854944 0.22220518 0.27571484
 0.32718429 0.30136847 0.37411317 0.24250448 0.2769278  0.22665572
 0.25815937 0.2647717  0.26176897 0.20382641 0.29914764 0.23646989
 0.29682234 0.21499826 0.29363737 0.27274361 0.24364768 0.22861181
 0.24396609 0.26593739 0.33343357 0.29474205 0.26680982 0.27985334
 0.29687843 0.24088895 0.242668   0.28222623 0.2688283  0.25646386
 0.36245558 0.232884   0.3460927  0.30464464 0.25611708 0.20756009
 0.35562631 0.36236697 0.21171291 0.34419468 0.32765812 0.27127752
 0.29105055 0.27131501 0.33576131 0.21628146 0.23996478 0.35189477
 0.26636767 0.35195741 0.21583381 0.24819849 0.28688911 0.33379427
 0.22072893 0.32024893 0.32495379 0.29778272 0.30273527 0.32494709
 0.29185081 0.18557724 0.32348979 0.253427   0.29011142 0.3271423
 0.24159938 0.2806825  0.32844901 0.32616922 0.26879862 0.23465203
 0.30419371 0.27335787 0.32077309 0.24805668 0.27367276 0.31931856
 0.18066812 0.31261873 0.22702639 0.22131386 0.27340189 0.30575857
 0.26235661 0.27636287 0.25577861 0.23644042 0.27472699 0.35125515
 0.28078628 0.28837895 0.32227558 0.27486032 0.33588198 0.28982589
 0.25557467 0.30223605 0.28608713 0.23053461 0.30019704 0.1885003
 0.24162896 0.18368086 0.18295029 0.27557954 0.27400094 0.2726022
 0.24369676 0.17042336 0.18060075 0.19125402 0.19910754 0.26430884
 0.23111081 0.17823917 0.25378346 0.26219735 0.26149392 0.2725347
 0.1772642  0.36069971 0.24608131 0.25213686 0.23675346 0.29822677
 0.14685607 0.28053415 0.26321205 0.27848026 0.24956432 0.32223222
 0.30820832 0.26610187 0.3047148  0.25553739 0.28319222 0.28664136
 0.34912521 0.25557724 0.27310476 0.31287879 0.29209575 0.27787042
 0.31254652 0.33091339 0.17924963 0.31760269 0.34602696 0.30164969
 0.21250483 0.23012263 0.32808265 0.26905221 0.30537927 0.3222841
 0.27717844 0.22846611 0.29878339 0.28252503 0.2151998  0.31515494
 0.19016437 0.24639338 0.23360494 0.32471377 0.30203471 0.25371093
 0.27240011 0.28402427 0.33015293 0.24598025 0.37148997 0.24480827
 0.32243034 0.28921133 0.22595951 0.14365152 0.17182268 0.2581256
 0.2917814  0.24246185 0.2801668  0.26940846 0.23216835 0.29273003
 0.21174037 0.25301909 0.31161901 0.29990658 0.2582019  0.31007674
 0.34197885 0.29099226 0.30659917 0.21194813 0.21433379 0.25057784
 0.26075724 0.34340858 0.20007803 0.18253964 0.21570314 0.23345667
 0.2669664  0.20913279 0.32055524 0.32273889 0.26048076 0.30029121
 0.26978704 0.27355319 0.32259908 0.26664275 0.29323155 0.21649159
 0.30095804 0.25301737 0.25523812 0.28026152 0.26433915 0.17623931
 0.21631528 0.24539049 0.23032659 0.26911986 0.250761   0.3160395
 0.27095112 0.21732727 0.22179395 0.21090372 0.24037182 0.22761898
 0.28910092 0.23567058 0.25789896 0.26556233 0.31874579 0.24331488
 0.31641924 0.24044991 0.17373221 0.2529358  0.14212143 0.23507012
 0.2292089  0.26496568 0.22251499 0.32109195 0.18585537 0.23102167
 0.24579762 0.28713429 0.26137951 0.33063886 0.237068   0.31897217
 0.25432286 0.25660875 0.16813865 0.27284467 0.21916206 0.24663697
 0.23521848 0.24684562 0.30786157 0.31892207 0.23972496 0.27708241
 0.33500165 0.21875939 0.30818236 0.25982183 0.25088045 0.25431228
 0.24389465 0.15397915 0.25085649 0.27960369 0.20240408 0.24747713
 0.28173485 0.31760028 0.33190727 0.15702602 0.19744936 0.24633209
 0.25739515 0.29261127 0.32666489 0.28202742 0.24375668 0.28180099
 0.31435901 0.32077447 0.233597   0.28023905 0.32473102 0.30260515
 0.2611897  0.31587636 0.25289854 0.29960692 0.22592008 0.24504262
 0.27145618 0.26044148 0.25814137 0.29169187 0.34414792 0.29190785
 0.36163712 0.23001866 0.24415366 0.25914317 0.34145293 0.32854152
 0.30675167 0.28765535 0.31364629 0.33617741 0.22918637 0.24930249
 0.32026181 0.26601273 0.26762214 0.25839791 0.24624895 0.17475483
 0.31066108 0.24972686 0.16405806 0.2246207  0.14427279 0.16620049
 0.19487031 0.17829436 0.21087867 0.14917065 0.20317447 0.17491634
 0.19257413 0.19878624 0.16542891 0.27472234 0.2380031  0.19119589
 0.28966647 0.24723716 0.2123425  0.19143774 0.29834908 0.2888819
 0.25875401 0.28056142 0.29357126 0.32506779 0.32093281 0.26700139
 0.30048233 0.29679751 0.30039582 0.30652997 0.34375608 0.3479788
 0.35668033 0.3531172  0.27259851 0.31211969 0.26866466 0.31375098
 0.26820424 0.28784901 0.27879229 0.24795604 0.26117998 0.27341101
 0.26403514 0.29420823 0.24581617 0.26629946 0.25772557 0.29947466
 0.29083544 0.33296087 0.32301778 0.23908588 0.28473741 0.20125766
 0.26083112 0.21475995 0.26716462 0.23919536 0.26138285 0.24191156
 0.25767997 0.25710425 0.24420863 0.2520732  0.2898249  0.23053358
 0.23948328 0.27145067 0.2804735  0.28767157 0.28306189 0.27975518
 0.35024792 0.34473792 0.33130378 0.25033167 0.33418366 0.310096
 0.25633398 0.39561242 0.30773506 0.41685832 0.31674314 0.36733171
 0.29036683 0.34787539 0.2597861  0.31225735 0.29643461 0.27629408
 0.22495344 0.32267034 0.26360598 0.27486596 0.27123183 0.26949346
 0.201363   0.26240811 0.28156853 0.23327528 0.12254172 0.27026919
 0.28706247 0.27015135 0.2611939  0.26993972 0.30181539 0.25536168
 0.26181874 0.24853621 0.2558544  0.22640711 0.23918344 0.29498631
 0.30373463 0.27070093 0.26966828 0.24447739 0.28932562 0.3361561
 0.2911821  0.33928287 0.25220069 0.25530005 0.27368218 0.18144304
 0.23425077 0.18886325 0.23678178 0.19062634 0.23371831 0.24346446
 0.26733646]
 Total average is 0.2661101632166126
 -------------------------------------------- 
